1  a  7  0.010296010296010296  5  0.008746355685131196  8  0.012145748987854251  1  0.003629764065335753
2  a practical  1  0.002574002574002574  0  0.0014577259475218659  0  0.001349527665317139  0  0.0018148820326678765
3  a tool  0  0.001287001287001287  0  0.0014577259475218659  2  0.004048582995951417  0  0.0018148820326678765
4  aardman animations  1  0.002574002574002574  0  0.0014577259475218659  0  0.001349527665317139  0  0.0018148820326678765
5  about  1  0.002574002574002574  0  0.0014577259475218659  0  0.001349527665317139  0  0.0018148820326678765
6  accomplish  0  0.001287001287001287  1  0.0029154518950437317  0  0.001349527665317139  0  0.0018148820326678765
7  achieve  0  0.001287001287001287  1  0.0029154518950437317  0  0.001349527665317139  1  0.003629764065335753
8  achilles  1  0.002574002574002574  0  0.0014577259475218659  0  0.001349527665317139  0  0.0018148820326678765
9  admit  1  0.002574002574002574  0  0.0014577259475218659  0  0.001349527665317139  0  0.0018148820326678765
10  advice  1  0.002574002574002574  0  0.0014577259475218659  0  0.001349527665317139  0  0.0018148820326678765
11  after  0  0.001287001287001287  1  0.0029154518950437317  0  0.001349527665317139  0  0.0018148820326678765
12  agile  0  0.001287001287001287  1  0.0029154518950437317  0  0.001349527665317139  0  0.0018148820326678765
13  ai  1  0.002574002574002574  0  0.0014577259475218659  0  0.001349527665317139  0  0.0018148820326678765
14  air  1  0.002574002574002574  0  0.0014577259475218659  0  0.001349527665317139  0  0.0018148820326678765
15  air force  1  0.002574002574002574  0  0.0014577259475218659  0  0.001349527665317139  0  0.0018148820326678765
16  aircraft carriers  1  0.002574002574002574  0  0.0014577259475218659  0  0.001349527665317139  0  0.0018148820326678765
17  albatross manage  0  0.001287001287001287  0  0.0014577259475218659  2  0.004048582995951417  0  0.0018148820326678765
18  alexa skill  1  0.002574002574002574  0  0.0014577259475218659  0  0.001349527665317139  0  0.0018148820326678765
19  alibaba  1  0.002574002574002574  0  0.0014577259475218659  0  0.001349527665317139  0  0.0018148820326678765
20  all conflicts  0  0.001287001287001287  0  0.0014577259475218659  1  0.002699055330634278  0  0.0018148820326678765
21  amazon mistakenly  1  0.002574002574002574  0  0.0014577259475218659  0  0.001349527665317139  0  0.0018148820326678765
22  amid u  1  0.002574002574002574  0  0.0014577259475218659  0  0.001349527665317139  0  0.0018148820326678765
23  an  1  0.002574002574002574  3  0.0058309037900874635  0  0.001349527665317139  0  0.0018148820326678765
24  analysis overview  0  0.001287001287001287  0  0.0014577259475218659  1  0.002699055330634278  0  0.0018148820326678765
25  analytics  0  0.001287001287001287  1  0.0029154518950437317  0  0.001349527665317139  0  0.0018148820326678765
26  analyze  1  0.002574002574002574  0  0.0014577259475218659  0  0.001349527665317139  0  0.0018148820326678765
27  and  9  0.01287001287001287  5  0.008746355685131196  7  0.010796221322537112  0  0.0018148820326678765
28  annotate  0  0.001287001287001287  0  0.0014577259475218659  2  0.004048582995951417  0  0.0018148820326678765
29  annotation tool  0  0.001287001287001287  0  0.0014577259475218659  1  0.002699055330634278  0  0.0018148820326678765
30  anonymously  0  0.001287001287001287  0  0.0014577259475218659  2  0.004048582995951417  0  0.0018148820326678765
31  answers how  1  0.002574002574002574  0  0.0014577259475218659  0  0.001349527665317139  0  0.0018148820326678765
32  apartments stay  0  0.001287001287001287  0  0.0014577259475218659  2  0.004048582995951417  0  0.0018148820326678765
33  app  0  0.001287001287001287  1  0.0029154518950437317  0  0.001349527665317139  0  0.0018148820326678765
34  apple employee  0  0.001287001287001287  0  0.0014577259475218659  0  0.001349527665317139  1  0.003629764065335753
35  approve  0  0.001287001287001287  1  0.0029154518950437317  0  0.001349527665317139  0  0.0018148820326678765
36  architecture  1  0.002574002574002574  0  0.0014577259475218659  0  0.001349527665317139  0  0.0018148820326678765
37  archive  0  0.001287001287001287  1  0.0029154518950437317  0  0.001349527665317139  0  0.0018148820326678765
38  are  1  0.002574002574002574  0  0.0014577259475218659  0  0.001349527665317139  0  0.0018148820326678765
39  artificial  1  0.002574002574002574  0  0.0014577259475218659  0  0.001349527665317139  0  0.0018148820326678765
40  arxiv  1  0.002574002574002574  0  0.0014577259475218659  0  0.001349527665317139  0  0.0018148820326678765
41  arxivml  1  0.002574002574002574  0  0.0014577259475218659  0  0.001349527665317139  0  0.0018148820326678765
42  as  2  0.003861003861003861  0  0.0014577259475218659  0  0.001349527665317139  0  0.0018148820326678765
43  asian  1  0.002574002574002574  0  0.0014577259475218659  0  0.001349527665317139  0  0.0018148820326678765
44  ask hn  0  0.001287001287001287  8  0.013119533527696793  0  0.001349527665317139  0  0.0018148820326678765
45  ask_hn  0  0.001287001287001287  7  0.011661807580174927  0  0.001349527665317139  0  0.0018148820326678765
46  ask_hn hire  0  0.001287001287001287  1  0.0029154518950437317  0  0.001349527665317139  0  0.0018148820326678765
47  ask_hn how  0  0.001287001287001287  1  0.0029154518950437317  0  0.001349527665317139  0  0.0018148820326678765
48  ask_hn urgent  0  0.001287001287001287  1  0.0029154518950437317  0  0.001349527665317139  0  0.0018148820326678765
49  ask_hn where  0  0.001287001287001287  1  0.0029154518950437317  0  0.001349527665317139  0  0.0018148820326678765
50  ask_hn which  0  0.001287001287001287  1  0.0029154518950437317  0  0.001349527665317139  0  0.0018148820326678765
51  at  1  0.002574002574002574  1  0.0029154518950437317  0  0.001349527665317139  0  0.0018148820326678765
52  attend  1  0.002574002574002574  0  0.0014577259475218659  0  0.001349527665317139  0  0.0018148820326678765
53  audio  0  0.001287001287001287  0  0.0014577259475218659  1  0.002699055330634278  0  0.0018148820326678765
54  average  1  0.002574002574002574  0  0.0014577259475218659  0  0.001349527665317139  0  0.0018148820326678765
55  average blame  1  0.002574002574002574  0  0.0014577259475218659  0  0.001349527665317139  0  0.0018148820326678765
56  awesome bitcoin  0  0.001287001287001287  0  0.0014577259475218659  2  0.004048582995951417  0  0.0018148820326678765
57  aws budget  1  0.002574002574002574  0  0.0014577259475218659  0  0.001349527665317139  0  0.0018148820326678765
58  back  1  0.002574002574002574  0  0.0014577259475218659  0  0.001349527665317139  0  0.0018148820326678765
59  band  1  0.002574002574002574  0  0.0014577259475218659  0  0.001349527665317139  0  0.0018148820326678765
60  base  1  0.002574002574002574  0  0.0014577259475218659  0  0.001349527665317139  0  0.0018148820326678765
61  be  5  0.007722007722007722  7  0.011661807580174927  2  0.004048582995951417  1  0.003629764065335753
62  best  1  0.002574002574002574  0  0.0014577259475218659  2  0.004048582995951417  0  0.0018148820326678765
63  billion matrix  1  0.002574002574002574  0  0.0014577259475218659  0  0.001349527665317139  0  0.0018148820326678765
64  bitcoin payment  0  0.001287001287001287  0  0.0014577259475218659  2  0.004048582995951417  0  0.0018148820326678765
65  black  0  0.001287001287001287  1  0.0029154518950437317  0  0.001349527665317139  0  0.0018148820326678765
66  blame climate  1  0.002574002574002574  0  0.0014577259475218659  0  0.001349527665317139  0  0.0018148820326678765
67  block  1  0.002574002574002574  0  0.0014577259475218659  0  0.001349527665317139  0  0.0018148820326678765
68  blunt impact  1  0.002574002574002574  0  0.0014577259475218659  0  0.001349527665317139  0  0.0018148820326678765
69  book  1  0.002574002574002574  1  0.0029154518950437317  0  0.001349527665317139  1  0.003629764065335753
70  bored hackers  0  0.001287001287001287  0  0.0014577259475218659  1  0.002699055330634278  0  0.0018148820326678765
71  budget emails  1  0.002574002574002574  0  0.0014577259475218659  0  0.001349527665317139  0  0.0018148820326678765
72  build  0  0.001287001287001287  1  0.0029154518950437317  0  0.001349527665317139  0  0.0018148820326678765
73  building  1  0.002574002574002574  0  0.0014577259475218659  0  0.001349527665317139  0  0.0018148820326678765
74  business target  0  0.001287001287001287  0  0.0014577259475218659  0  0.001349527665317139  1  0.003629764065335753
75  busy  1  0.002574002574002574  0  0.0014577259475218659  0  0.001349527665317139  0  0.0018148820326678765
76  buy  1  0.002574002574002574  0  0.0014577259475218659  0  0.001349527665317139  0  0.0018148820326678765
77  by  2  0.003861003861003861  1  0.0029154518950437317  2  0.004048582995951417  0  0.0018148820326678765
78  c  1  0.002574002574002574  0  0.0014577259475218659  0  0.001349527665317139  0  0.0018148820326678765
79  cache web  0  0.001287001287001287  0  0.0014577259475218659  2  0.004048582995951417  0  0.0018148820326678765
80  can  0  0.001287001287001287  2  0.004373177842565598  0  0.001349527665317139  0  0.0018148820326678765
81  caption  1  0.002574002574002574  0  0.0014577259475218659  0  0.001349527665317139  0  0.0018148820326678765
82  chart  0  0.001287001287001287  0  0.0014577259475218659  1  0.002699055330634278  0  0.0018148820326678765
83  chatroom  0  0.001287001287001287  0  0.0014577259475218659  1  0.002699055330634278  0  0.0018148820326678765
84  cheap  1  0.002574002574002574  0  0.0014577259475218659  0  0.001349527665317139  0  0.0018148820326678765
85  chewing  1  0.002574002574002574  0  0.0014577259475218659  0  0.001349527665317139  0  0.0018148820326678765
86  china  1  0.002574002574002574  0  0.0014577259475218659  0  0.001349527665317139  0  0.0018148820326678765
87  choose  1  0.002574002574002574  0  0.0014577259475218659  0  0.001349527665317139  0  0.0018148820326678765
88  climate change  1  0.002574002574002574  0  0.0014577259475218659  0  0.001349527665317139  0  0.0018148820326678765
89  cloud  1  0.002574002574002574  0  0.0014577259475218659  0  0.001349527665317139  0  0.0018148820326678765
90  code snippet  0  0.001287001287001287  1  0.0029154518950437317  0  0.001349527665317139  0  0.0018148820326678765
91  command  0  0.001287001287001287  0  0.0014577259475218659  1  0.002699055330634278  0  0.0018148820326678765
92  common  0  0.001287001287001287  0  0.0014577259475218659  1  0.002699055330634278  0  0.0018148820326678765
93  company  0  0.001287001287001287  1  0.0029154518950437317  0  0.001349527665317139  0  0.0018148820326678765
94  company freelancer  0  0.001287001287001287  1  0.0029154518950437317  0  0.001349527665317139  0  0.0018148820326678765
95  comparison  0  0.001287001287001287  0  0.0014577259475218659  1  0.002699055330634278  0  0.0018148820326678765
96  compete  0  0.001287001287001287  0  0.0014577259475218659  1  0.002699055330634278  0  0.0018148820326678765
97  config  1  0.002574002574002574  0  0.0014577259475218659  0  0.001349527665317139  0  0.0018148820326678765
98  content generation  1  0.002574002574002574  0  0.0014577259475218659  0  0.001349527665317139  0  0.0018148820326678765
99  contract worker  0  0.001287001287001287  0  0.0014577259475218659  1  0.002699055330634278  0  0.0018148820326678765
100  corp  0  0.001287001287001287  2  0.004373177842565598  0  0.001349527665317139  0  0.0018148820326678765
101  could test  1  0.002574002574002574  0  0.0014577259475218659  0  0.001349527665317139  0  0.0018148820326678765
102  course  0  0.001287001287001287  0  0.0014577259475218659  0  0.001349527665317139  1  0.003629764065335753
103  create  1  0.002574002574002574  0  0.0014577259475218659  2  0.004048582995951417  0  0.0018148820326678765
104  crypto trading  0  0.001287001287001287  0  0.0014577259475218659  1  0.002699055330634278  0  0.0018148820326678765
105  cryptocoin tax  0  0.001287001287001287  0  0.0014577259475218659  0  0.001349527665317139  1  0.003629764065335753
106  cryptocurrency payment  0  0.001287001287001287  0  0.0014577259475218659  1  0.002699055330634278  0  0.0018148820326678765
107  current  0  0.001287001287001287  0  0.0014577259475218659  0  0.001349527665317139  1  0.003629764065335753
108  custom adapter  1  0.002574002574002574  0  0.0014577259475218659  0  0.001349527665317139  0  0.0018148820326678765
109  data analysis  0  0.001287001287001287  0  0.0014577259475218659  1  0.002699055330634278  0  0.0018148820326678765
110  data science  1  0.002574002574002574  0  0.0014577259475218659  0  0.001349527665317139  0  0.0018148820326678765
111  data scientist  0  0.001287001287001287  0  0.0014577259475218659  1  0.002699055330634278  0  0.0018148820326678765
112  dataturks ml  0  0.001287001287001287  0  0.0014577259475218659  1  0.002699055330634278  0  0.0018148820326678765
113  date  1  0.002574002574002574  0  0.0014577259475218659  0  0.001349527665317139  0  0.0018148820326678765
114  death  1  0.002574002574002574  0  0.0014577259475218659  0  0.001349527665317139  0  0.0018148820326678765
115  decentralize  1  0.002574002574002574  0  0.0014577259475218659  2  0.004048582995951417  0  0.0018148820326678765
116  decision  1  0.002574002574002574  1  0.0029154518950437317  0  0.001349527665317139  0  0.0018148820326678765
117  deep  0  0.001287001287001287  0  0.0014577259475218659  2  0.004048582995951417  1  0.003629764065335753
118  deep learning  1  0.002574002574002574  0  0.0014577259475218659  0  0.001349527665317139  0  0.0018148820326678765
119  democrats  1  0.002574002574002574  0  0.0014577259475218659  0  0.001349527665317139  0  0.0018148820326678765
120  design issue  0  0.001287001287001287  0  0.0014577259475218659  1  0.002699055330634278  0  0.0018148820326678765
121  designer procedural  1  0.002574002574002574  0  0.0014577259475218659  0  0.001349527665317139  0  0.0018148820326678765
122  desktop app  0  0.001287001287001287  0  0.0014577259475218659  1  0.002699055330634278  0  0.0018148820326678765
123  develop  0  0.001287001287001287  1  0.0029154518950437317  0  0.001349527665317139  0  0.0018148820326678765
124  developer  0  0.001287001287001287  1  0.0029154518950437317  0  0.001349527665317139  0  0.0018148820326678765
125  devserver  0  0.001287001287001287  0  0.0014577259475218659  2  0.004048582995951417  0  0.0018148820326678765
126  diagnosing  1  0.002574002574002574  0  0.0014577259475218659  0  0.001349527665317139  0  0.0018148820326678765
127  did  0  0.001287001287001287  1  0.0029154518950437317  0  0.001349527665317139  0  0.0018148820326678765
128  different  0  0.001287001287001287  0  0.0014577259475218659  1  0.002699055330634278  0  0.0018148820326678765
129  difficult  0  0.001287001287001287  1  0.0029154518950437317  0  0.001349527665317139  0  0.0018148820326678765
130  disease  1  0.002574002574002574  0  0.0014577259475218659  0  0.001349527665317139  0  0.0018148820326678765
131  do  1  0.002574002574002574  6  0.01020408163265306  0  0.001349527665317139  2  0.0054446460980036296
132  dominate  1  0.002574002574002574  0  0.0014577259475218659  0  0.001349527665317139  0  0.0018148820326678765
133  dont  1  0.002574002574002574  0  0.0014577259475218659  0  0.001349527665317139  0  0.0018148820326678765
134  download  0  0.001287001287001287  1  0.0029154518950437317  0  0.001349527665317139  0  0.0018148820326678765
135  download cache  0  0.001287001287001287  0  0.0014577259475218659  2  0.004048582995951417  0  0.0018148820326678765
136  downloads  0  0.001287001287001287  1  0.0029154518950437317  0  0.001349527665317139  0  0.0018148820326678765
137  dpage build  0  0.001287001287001287  0  0.0014577259475218659  2  0.004048582995951417  0  0.0018148820326678765
138  drinking water  1  0.002574002574002574  0  0.0014577259475218659  0  0.001349527665317139  0  0.0018148820326678765
139  early  1  0.002574002574002574  0  0.0014577259475218659  0  0.001349527665317139  0  0.0018148820326678765
140  earn  0  0.001287001287001287  0  0.0014577259475218659  2  0.004048582995951417  0  0.0018148820326678765
141  easy  1  0.002574002574002574  0  0.0014577259475218659  0  0.001349527665317139  0  0.0018148820326678765
142  email  0  0.001287001287001287  1  0.0029154518950437317  0  0.001349527665317139  0  0.0018148820326678765
143  email address  0  0.001287001287001287  0  0.0014577259475218659  2  0.004048582995951417  0  0.0018148820326678765
144  email template  0  0.001287001287001287  1  0.0029154518950437317  0  0.001349527665317139  0  0.0018148820326678765
145  emails forecasting  1  0.002574002574002574  0  0.0014577259475218659  0  0.001349527665317139  0  0.0018148820326678765
146  emmc  1  0.002574002574002574  0  0.0014577259475218659  0  0.001349527665317139  0  0.0018148820326678765
147  employees  1  0.002574002574002574  0  0.0014577259475218659  0  0.001349527665317139  0  0.0018148820326678765
148  end development  1  0.002574002574002574  0  0.0014577259475218659  0  0.001349527665317139  0  0.0018148820326678765
149  end smartphones  1  0.002574002574002574  0  0.0014577259475218659  0  0.001349527665317139  0  0.0018148820326678765
150  entire  0  0.001287001287001287  0  0.0014577259475218659  2  0.004048582995951417  0  0.0018148820326678765
151  entrepreneurial  1  0.002574002574002574  0  0.0014577259475218659  0  0.001349527665317139  0  0.0018148820326678765
152  european  1  0.002574002574002574  0  0.0014577259475218659  0  0.001349527665317139  0  0.0018148820326678765
153  everything  1  0.002574002574002574  0  0.0014577259475218659  0  0.001349527665317139  0  0.0018148820326678765
154  example code  1  0.002574002574002574  0  0.0014577259475218659  0  0.001349527665317139  0  0.0018148820326678765
155  excuse  0  0.001287001287001287  1  0.0029154518950437317  0  0.001349527665317139  0  0.0018148820326678765
156  explicitly  0  0.001287001287001287  0  0.0014577259475218659  0  0.001349527665317139  1  0.003629764065335753
157  fabric pdf  1  0.002574002574002574  0  0.0014577259475218659  0  0.001349527665317139  0  0.0018148820326678765
158  facebook  0  0.001287001287001287  1  0.0029154518950437317  0  0.001349527665317139  0  0.0018148820326678765
159  fake  1  0.002574002574002574  0  0.0014577259475218659  0  0.001349527665317139  0  0.0018148820326678765
160  family  0  0.001287001287001287  0  0.0014577259475218659  2  0.004048582995951417  0  0.0018148820326678765
161  fanbase  1  0.002574002574002574  0  0.0014577259475218659  0  0.001349527665317139  0  0.0018148820326678765
162  feature  0  0.001287001287001287  1  0.0029154518950437317  0  0.001349527665317139  0  0.0018148820326678765
163  feature engineering  1  0.002574002574002574  0  0.0014577259475218659  0  0.001349527665317139  0  0.0018148820326678765
164  first  0  0.001287001287001287  0  0.0014577259475218659  0  0.001349527665317139  1  0.003629764065335753
165  fix all  0  0.001287001287001287  0  0.0014577259475218659  1  0.002699055330634278  0  0.0018148820326678765
166  flying  1  0.002574002574002574  0  0.0014577259475218659  0  0.001349527665317139  0  0.0018148820326678765
167  folk  1  0.002574002574002574  0  0.0014577259475218659  0  0.001349527665317139  0  0.0018148820326678765
168  for  6  0.009009009009009009  4  0.007288629737609329  7  0.010796221322537112  2  0.0054446460980036296
169  force could  1  0.002574002574002574  0  0.0014577259475218659  0  0.001349527665317139  0  0.0018148820326678765
170  forecasting free  1  0.002574002574002574  0  0.0014577259475218659  0  0.001349527665317139  0  0.0018148820326678765
171  framework youre  0  0.001287001287001287  0  0.0014577259475218659  0  0.001349527665317139  1  0.003629764065335753
172  free tier  1  0.002574002574002574  0  0.0014577259475218659  0  0.001349527665317139  0  0.0018148820326678765
173  from  2  0.003861003861003861  1  0.0029154518950437317  2  0.004048582995951417  0  0.0018148820326678765
174  front  1  0.002574002574002574  0  0.0014577259475218659  0  0.001349527665317139  0  0.0018148820326678765
175  fully  1  0.002574002574002574  0  0.0014577259475218659  0  0.001349527665317139  0  0.0018148820326678765
176  fun algorithm  0  0.001287001287001287  1  0.0029154518950437317  0  0.001349527665317139  0  0.0018148820326678765
177  fun way  0  0.001287001287001287  0  0.0014577259475218659  1  0.002699055330634278  0  0.0018148820326678765
178  game  1  0.002574002574002574  0  0.0014577259475218659  0  0.001349527665317139  0  0.0018148820326678765
179  games  1  0.002574002574002574  0  0.0014577259475218659  0  0.001349527665317139  0  0.0018148820326678765
180  get  2  0.003861003861003861  1  0.0029154518950437317  0  0.001349527665317139  0  0.0018148820326678765
181  gigabytes  1  0.002574002574002574  0  0.0014577259475218659  0  0.001349527665317139  0  0.0018148820326678765
182  github repos  0  0.001287001287001287  0  0.0014577259475218659  2  0.004048582995951417  0  0.0018148820326678765
183  gives  1  0.002574002574002574  0  0.0014577259475218659  0  0.001349527665317139  0  0.0018148820326678765
184  gpu memory  0  0.001287001287001287  1  0.0029154518950437317  0  0.001349527665317139  0  0.0018148820326678765
185  great  0  0.001287001287001287  1  0.0029154518950437317  0  0.001349527665317139  0  0.0018148820326678765
186  gromit producer  1  0.002574002574002574  0  0.0014577259475218659  0  0.001349527665317139  0  0.0018148820326678765
187  hack  0  0.001287001287001287  1  0.0029154518950437317  0  0.001349527665317139  0  0.0018148820326678765
188  hacker  0  0.001287001287001287  0  0.0014577259475218659  1  0.002699055330634278  0  0.0018148820326678765
189  hackers a  0  0.001287001287001287  0  0.0014577259475218659  1  0.002699055330634278  0  0.0018148820326678765
190  have  0  0.001287001287001287  1  0.0029154518950437317  1  0.002699055330634278  0  0.0018148820326678765
191  help  1  0.002574002574002574  0  0.0014577259475218659  0  0.001349527665317139  0  0.0018148820326678765
192  high tax  1  0.002574002574002574  0  0.0014577259475218659  0  0.001349527665317139  0  0.0018148820326678765
193  hire  0  0.001287001287001287  1  0.0029154518950437317  0  0.001349527665317139  0  0.0018148820326678765
194  hn  0  0.001287001287001287  0  0.0014577259475218659  0  0.001349527665317139  1  0.003629764065335753
195  hn a  0  0.001287001287001287  0  0.0014577259475218659  4  0.006747638326585695  0  0.0018148820326678765
196  hn albatross  0  0.001287001287001287  0  0.0014577259475218659  2  0.004048582995951417  0  0.0018148820326678765
197  hn blind  0  0.001287001287001287  0  0.0014577259475218659  2  0.004048582995951417  0  0.0018148820326678765
198  hn data  0  0.001287001287001287  0  0.0014577259475218659  1  0.002699055330634278  0  0.0018148820326678765
199  hn download  0  0.001287001287001287  0  0.0014577259475218659  2  0.004048582995951417  0  0.0018148820326678765
200  hn dpage  0  0.001287001287001287  0  0.0014577259475218659  1  0.002699055330634278  0  0.0018148820326678765
201  hn fix  0  0.001287001287001287  0  0.0014577259475218659  1  0.002699055330634278  0  0.0018148820326678765
202  hn good  0  0.001287001287001287  1  0.0029154518950437317  0  0.001349527665317139  0  0.0018148820326678765
203  hn how  0  0.001287001287001287  2  0.004373177842565598  0  0.001349527665317139  0  0.0018148820326678765
204  hn personalized  0  0.001287001287001287  0  0.0014577259475218659  1  0.002699055330634278  0  0.0018148820326678765
205  hn poll  1  0.002574002574002574  0  0.0014577259475218659  0  0.001349527665317139  0  0.0018148820326678765
206  hn signal  0  0.001287001287001287  0  0.0014577259475218659  1  0.002699055330634278  0  0.0018148820326678765
207  hn support  0  0.001287001287001287  0  0.0014577259475218659  0  0.001349527665317139  1  0.003629764065335753
208  hn whats  0  0.001287001287001287  2  0.004373177842565598  0  0.001349527665317139  0  0.0018148820326678765
209  hobby project  0  0.001287001287001287  0  0.0014577259475218659  0  0.001349527665317139  1  0.003629764065335753
210  hole  0  0.001287001287001287  1  0.0029154518950437317  0  0.001349527665317139  0  0.0018148820326678765
211  how  3  0.005148005148005148  1  0.0029154518950437317  0  0.001349527665317139  0  0.0018148820326678765
212  i  0  0.001287001287001287  3  0.0058309037900874635  3  0.005398110661268556  0  0.0018148820326678765
213  idea  0  0.001287001287001287  0  0.0014577259475218659  1  0.002699055330634278  0  0.0018148820326678765
214  immune repertoires  1  0.002574002574002574  0  0.0014577259475218659  0  0.001349527665317139  0  0.0018148820326678765
215  important  1  0.002574002574002574  0  0.0014577259475218659  0  0.001349527665317139  0  0.0018148820326678765
216  in  9  0.01287001287001287  4  0.007288629737609329  2  0.004048582995951417  1  0.003629764065335753
217  incoming  0  0.001287001287001287  1  0.0029154518950437317  0  0.001349527665317139  0  0.0018148820326678765
218  indie spotlight  1  0.002574002574002574  0  0.0014577259475218659  0  0.001349527665317139  0  0.0018148820326678765
219  integrate  0  0.001287001287001287  1  0.0029154518950437317  0  0.001349527665317139  0  0.0018148820326678765
220  interesting  0  0.001287001287001287  1  0.0029154518950437317  0  0.001349527665317139  0  0.0018148820326678765
221  internet  1  0.002574002574002574  0  0.0014577259475218659  2  0.004048582995951417  0  0.0018148820326678765
222  interview  0  0.001287001287001287  1  0.0029154518950437317  0  0.001349527665317139  0  0.0018148820326678765
223  into  2  0.003861003861003861  1  0.0029154518950437317  0  0.001349527665317139  0  0.0018148820326678765
224  intro  0  0.001287001287001287  1  0.0029154518950437317  0  0.001349527665317139  0  0.0018148820326678765
225  involve  0  0.001287001287001287  1  0.0029154518950437317  0  0.001349527665317139  0  0.0018148820326678765
226  ipad development  0  0.001287001287001287  0  0.0014577259475218659  2  0.004048582995951417  0  0.0018148820326678765
227  iron snout  1  0.002574002574002574  0  0.0014577259475218659  0  0.001349527665317139  0  0.0018148820326678765
228  is  1  0.002574002574002574  0  0.0014577259475218659  0  0.001349527665317139  0  0.0018148820326678765
229  it  1  0.002574002574002574  0  0.0014577259475218659  0  0.001349527665317139  0  0.0018148820326678765
230  javascript framework  0  0.001287001287001287  0  0.0014577259475218659  0  0.001349527665317139  1  0.003629764065335753
231  job  0  0.001287001287001287  1  0.0029154518950437317  0  0.001349527665317139  0  0.0018148820326678765
232  just average  1  0.002574002574002574  0  0.0014577259475218659  0  0.001349527665317139  0  0.0018148820326678765
233  know  1  0.002574002574002574  0  0.0014577259475218659  0  0.001349527665317139  2  0.0054446460980036296
234  kubernetes pods  1  0.002574002574002574  0  0.0014577259475218659  0  0.001349527665317139  0  0.0018148820326678765
235  laptop  0  0.001287001287001287  0  0.0014577259475218659  0  0.001349527665317139  1  0.003629764065335753
236  late  1  0.002574002574002574  0  0.0014577259475218659  0  0.001349527665317139  0  0.0018148820326678765
237  launch  0  0.001287001287001287  0  0.0014577259475218659  1  0.002699055330634278  0  0.0018148820326678765
238  learn  1  0.002574002574002574  1  0.0029154518950437317  1  0.002699055330634278  0  0.0018148820326678765
239  learning libraries  1  0.002574002574002574  0  0.0014577259475218659  0  0.001349527665317139  0  0.0018148820326678765
240  learning v  0  0.001287001287001287  0  0.0014577259475218659  0  0.001349527665317139  1  0.003629764065335753
241  level designer  1  0.002574002574002574  0  0.0014577259475218659  0  0.001349527665317139  0  0.0018148820326678765
242  level domain  0  0.001287001287001287  0  0.0014577259475218659  0  0.001349527665317139  1  0.003629764065335753
243  life cycle  1  0.002574002574002574  0  0.0014577259475218659  0  0.001349527665317139  0  0.0018148820326678765
244  line app  0  0.001287001287001287  0  0.0014577259475218659  1  0.002699055330634278  0  0.0018148820326678765
245  linking  0  0.001287001287001287  0  0.0014577259475218659  2  0.004048582995951417  0  0.0018148820326678765
246  living well  1  0.002574002574002574  0  0.0014577259475218659  0  0.001349527665317139  0  0.0018148820326678765
247  locally  0  0.001287001287001287  0  0.0014577259475218659  2  0.004048582995951417  0  0.0018148820326678765
248  long  0  0.001287001287001287  1  0.0029154518950437317  0  0.001349527665317139  0  0.0018148820326678765
249  lot  0  0.001287001287001287  1  0.0029154518950437317  0  0.001349527665317139  0  0.0018148820326678765
250  loved  0  0.001287001287001287  0  0.0014577259475218659  2  0.004048582995951417  0  0.0018148820326678765
251  low  1  0.002574002574002574  0  0.0014577259475218659  0  0.001349527665317139  0  0.0018148820326678765
252  machine  1  0.002574002574002574  0  0.0014577259475218659  0  0.001349527665317139  0  0.0018148820326678765
253  machine learning  1  0.002574002574002574  0  0.0014577259475218659  0  0.001349527665317139  0  0.0018148820326678765
254  maintain  1  0.002574002574002574  0  0.0014577259475218659  0  0.001349527665317139  0  0.0018148820326678765
255  make  1  0.002574002574002574  1  0.0029154518950437317  1  0.002699055330634278  0  0.0018148820326678765
256  manage  1  0.002574002574002574  0  0.0014577259475218659  2  0.004048582995951417  0  0.0018148820326678765
257  market  1  0.002574002574002574  0  0.0014577259475218659  0  0.001349527665317139  0  0.0018148820326678765
258  matrix crammed  1  0.002574002574002574  0  0.0014577259475218659  0  0.001349527665317139  0  0.0018148820326678765
259  meditate  0  0.001287001287001287  0  0.0014577259475218659  1  0.002699055330634278  0  0.0018148820326678765
260  medium play  0  0.001287001287001287  0  0.0014577259475218659  1  0.002699055330634278  0  0.0018148820326678765
261  medium story  0  0.001287001287001287  0  0.0014577259475218659  1  0.002699055330634278  0  0.0018148820326678765
262  memory  1  0.002574002574002574  0  0.0014577259475218659  0  0.001349527665317139  0  0.0018148820326678765
263  memory usage  0  0.001287001287001287  1  0.0029154518950437317  0  0.001349527665317139  0  0.0018148820326678765
264  merge conflict  0  0.001287001287001287  0  0.0014577259475218659  1  0.002699055330634278  0  0.0018148820326678765
265  might  1  0.002574002574002574  0  0.0014577259475218659  0  0.001349527665317139  0  0.0018148820326678765
266  mistakenly sends  1  0.002574002574002574  0  0.0014577259475218659  0  0.001349527665317139  0  0.0018148820326678765
267  ml annotation  0  0.001287001287001287  0  0.0014577259475218659  1  0.002699055330634278  0  0.0018148820326678765
268  mobile indie  1  0.002574002574002574  0  0.0014577259475218659  0  0.001349527665317139  0  0.0018148820326678765
269  modular  1  0.002574002574002574  0  0.0014577259475218659  0  0.001349527665317139  0  0.0018148820326678765
270  money  0  0.001287001287001287  1  0.0029154518950437317  2  0.004048582995951417  0  0.0018148820326678765
271  moose  1  0.002574002574002574  0  0.0014577259475218659  0  0.001349527665317139  0  0.0018148820326678765
272  most  1  0.002574002574002574  1  0.0029154518950437317  3  0.005398110661268556  0  0.0018148820326678765
273  my  1  0.002574002574002574  1  0.0029154518950437317  1  0.002699055330634278  0  0.0018148820326678765
274  need  1  0.002574002574002574  0  0.0014577259475218659  0  0.001349527665317139  0  0.0018148820326678765
275  negotiate  0  0.001287001287001287  1  0.0029154518950437317  0  0.001349527665317139  0  0.0018148820326678765
276  neighbor  0  0.001287001287001287  0  0.0014577259475218659  2  0.004048582995951417  0  0.0018148820326678765
277  network  1  0.002574002574002574  0  0.0014577259475218659  0  0.001349527665317139  0  0.0018148820326678765
278  neural  1  0.002574002574002574  0  0.0014577259475218659  0  0.001349527665317139  0  0.0018148820326678765
279  never  1  0.002574002574002574  1  0.0029154518950437317  0  0.001349527665317139  0  0.0018148820326678765
280  new  0  0.001287001287001287  1  0.0029154518950437317  1  0.002699055330634278  0  0.0018148820326678765
281  new tax  1  0.002574002574002574  0  0.0014577259475218659  0  0.001349527665317139  0  0.0018148820326678765
282  next  1  0.002574002574002574  0  0.0014577259475218659  0  0.001349527665317139  1  0.003629764065335753
283  no  0  0.001287001287001287  0  0.0014577259475218659  1  0.002699055330634278  0  0.0018148820326678765
284  nobody  1  0.002574002574002574  0  0.0014577259475218659  0  0.001349527665317139  0  0.0018148820326678765
285  non  1  0.002574002574002574  0  0.0014577259475218659  0  0.001349527665317139  0  0.0018148820326678765
286  not  1  0.002574002574002574  1  0.0029154518950437317  0  0.001349527665317139  0  0.0018148820326678765
287  of  6  0.009009009009009009  4  0.007288629737609329  3  0.005398110661268556  2  0.0054446460980036296
288  old  0  0.001287001287001287  0  0.0014577259475218659  0  0.001349527665317139  1  0.003629764065335753
289  on  3  0.005148005148005148  0  0.0014577259475218659  2  0.004048582995951417  2  0.0054446460980036296
290  once  1  0.002574002574002574  0  0.0014577259475218659  0  0.001349527665317139  0  0.0018148820326678765
291  open  0  0.001287001287001287  0  0.0014577259475218659  1  0.002699055330634278  0  0.0018148820326678765
292  or  1  0.002574002574002574  1  0.0029154518950437317  0  0.001349527665317139  0  0.0018148820326678765
293  orient  0  0.001287001287001287  0  0.0014577259475218659  1  0.002699055330634278  0  0.0018148820326678765
294  out  1  0.002574002574002574  0  0.0014577259475218659  0  0.001349527665317139  0  0.0018148820326678765
295  own  1  0.002574002574002574  1  0.0029154518950437317  0  0.001349527665317139  0  0.0018148820326678765
296  ownership  1  0.002574002574002574  0  0.0014577259475218659  0  0.001349527665317139  0  0.0018148820326678765
297  paper  1  0.002574002574002574  0  0.0014577259475218659  0  0.001349527665317139  0  0.0018148820326678765
298  part  1  0.002574002574002574  1  0.0029154518950437317  0  0.001349527665317139  0  0.0018148820326678765
299  passwords  1  0.002574002574002574  0  0.0014577259475218659  0  0.001349527665317139  0  0.0018148820326678765
300  patreon problem  0  0.001287001287001287  0  0.0014577259475218659  2  0.004048582995951417  0  0.0018148820326678765
301  pay  0  0.001287001287001287  0  0.0014577259475218659  0  0.001349527665317139  1  0.003629764065335753
302  payment processor  0  0.001287001287001287  0  0.0014577259475218659  1  0.002699055330634278  0  0.0018148820326678765
303  payment processors  0  0.001287001287001287  0  0.0014577259475218659  2  0.004048582995951417  0  0.0018148820326678765
304  pdf  0  0.001287001287001287  1  0.0029154518950437317  0  0.001349527665317139  0  0.0018148820326678765
305  people  0  0.001287001287001287  1  0.0029154518950437317  1  0.002699055330634278  0  0.0018148820326678765
306  permanently  0  0.001287001287001287  0  0.0014577259475218659  2  0.004048582995951417  0  0.0018148820326678765
307  persistence  1  0.002574002574002574  0  0.0014577259475218659  0  0.001349527665317139  0  0.0018148820326678765
308  personalized email  0  0.001287001287001287  0  0.0014577259475218659  2  0.004048582995951417  0  0.0018148820326678765
309  photo  1  0.002574002574002574  0  0.0014577259475218659  0  0.001349527665317139  0  0.0018148820326678765
310  photonic  1  0.002574002574002574  0  0.0014577259475218659  0  0.001349527665317139  0  0.0018148820326678765
311  platform test  0  0.001287001287001287  0  0.0014577259475218659  1  0.002699055330634278  0  0.0018148820326678765
312  play listen  0  0.001287001287001287  0  0.0014577259475218659  1  0.002699055330634278  0  0.0018148820326678765
313  poll  0  0.001287001287001287  0  0.0014577259475218659  0  0.001349527665317139  1  0.003629764065335753
314  poll are  0  0.001287001287001287  0  0.0014577259475218659  0  0.001349527665317139  2  0.0054446460980036296
315  poll developers  0  0.001287001287001287  0  0.0014577259475218659  0  0.001349527665317139  1  0.003629764065335753
316  poll did  0  0.001287001287001287  0  0.0014577259475218659  0  0.001349527665317139  2  0.0054446460980036296
317  poll friends  0  0.001287001287001287  0  0.0014577259475218659  0  0.001349527665317139  1  0.003629764065335753
318  poll how  0  0.001287001287001287  0  0.0014577259475218659  0  0.001349527665317139  1  0.003629764065335753
319  poll newish  0  0.001287001287001287  0  0.0014577259475218659  0  0.001349527665317139  1  0.003629764065335753
320  poll results  1  0.002574002574002574  0  0.0014577259475218659  0  0.001349527665317139  0  0.0018148820326678765
321  poll submission  0  0.001287001287001287  0  0.0014577259475218659  0  0.001349527665317139  1  0.003629764065335753
322  poll which  0  0.001287001287001287  0  0.0014577259475218659  0  0.001349527665317139  1  0.003629764065335753
323  practical approach  1  0.002574002574002574  0  0.0014577259475218659  0  0.001349527665317139  0  0.0018148820326678765
324  practice  1  0.002574002574002574  0  0.0014577259475218659  0  0.001349527665317139  0  0.0018148820326678765
325  predictive models  1  0.002574002574002574  0  0.0014577259475218659  0  0.001349527665317139  0  0.0018148820326678765
326  privacy  0  0.001287001287001287  0  0.0014577259475218659  1  0.002699055330634278  0  0.0018148820326678765
327  procedural content  1  0.002574002574002574  0  0.0014577259475218659  0  0.001349527665317139  0  0.0018148820326678765
328  process  0  0.001287001287001287  1  0.0029154518950437317  0  0.001349527665317139  0  0.0018148820326678765
329  producer aardman  1  0.002574002574002574  0  0.0014577259475218659  0  0.001349527665317139  0  0.0018148820326678765
330  product life  1  0.002574002574002574  0  0.0014577259475218659  0  0.001349527665317139  0  0.0018148820326678765
331  program  0  0.001287001287001287  1  0.0029154518950437317  0  0.001349527665317139  0  0.0018148820326678765
332  programming assignments  0  0.001287001287001287  1  0.0029154518950437317  0  0.001349527665317139  0  0.0018148820326678765
333  project  0  0.001287001287001287  1  0.0029154518950437317  0  0.001349527665317139  0  0.0018148820326678765
334  promotion  0  0.001287001287001287  1  0.0029154518950437317  0  0.001349527665317139  0  0.0018148820326678765
335  protonmail desktop  0  0.001287001287001287  0  0.0014577259475218659  1  0.002699055330634278  0  0.0018148820326678765
336  provider  0  0.001287001287001287  1  0.0029154518950437317  0  0.001349527665317139  0  0.0018148820326678765
337  provoking  1  0.002574002574002574  0  0.0014577259475218659  0  0.001349527665317139  0  0.0018148820326678765
338  psychology podcast  1  0.002574002574002574  0  0.0014577259475218659  0  0.001349527665317139  0  0.0018148820326678765
339  public  0  0.001287001287001287  0  0.0014577259475218659  1  0.002699055330634278  0  0.0018148820326678765
340  publish  0  0.001287001287001287  0  0.0014577259475218659  2  0.004048582995951417  0  0.0018148820326678765
341  python  1  0.002574002574002574  0  0.0014577259475218659  0  0.001349527665317139  0  0.0018148820326678765
342  quotes  1  0.002574002574002574  0  0.0014577259475218659  0  0.001349527665317139  0  0.0018148820326678765
343  raise  0  0.001287001287001287  1  0.0029154518950437317  0  0.001349527665317139  0  0.0018148820326678765
344  read  1  0.002574002574002574  1  0.0029154518950437317  0  0.001349527665317139  0  0.0018148820326678765
345  recommend  0  0.001287001287001287  0  0.0014577259475218659  0  0.001349527665317139  1  0.003629764065335753
346  recover  1  0.002574002574002574  0  0.0014577259475218659  0  0.001349527665317139  0  0.0018148820326678765
347  refer  0  0.001287001287001287  1  0.0029154518950437317  0  0.001349527665317139  0  0.0018148820326678765
348  reference  1  0.002574002574002574  0  0.0014577259475218659  0  0.001349527665317139  0  0.0018148820326678765
349  resume  0  0.001287001287001287  1  0.0029154518950437317  0  0.001349527665317139  0  0.0018148820326678765
350  review  1  0.002574002574002574  0  0.0014577259475218659  0  0.001349527665317139  0  0.0018148820326678765
351  right  1  0.002574002574002574  0  0.0014577259475218659  0  0.001349527665317139  0  0.0018148820326678765
352  risk people  0  0.001287001287001287  1  0.0029154518950437317  0  0.001349527665317139  0  0.0018148820326678765
353  running shoes  1  0.002574002574002574  0  0.0014577259475218659  0  0.001349527665317139  0  0.0018148820326678765
354  s  2  0.003861003861003861  0  0.0014577259475218659  0  0.001349527665317139  0  0.0018148820326678765
355  s dispute  1  0.002574002574002574  0  0.0014577259475218659  0  0.001349527665317139  0  0.0018148820326678765
356  save  0  0.001287001287001287  1  0.0029154518950437317  0  0.001349527665317139  0  0.0018148820326678765
357  school application  0  0.001287001287001287  1  0.0029154518950437317  0  0.001349527665317139  0  0.0018148820326678765
358  science  1  0.002574002574002574  0  0.0014577259475218659  0  0.001349527665317139  0  0.0018148820326678765
359  science method  1  0.002574002574002574  0  0.0014577259475218659  0  0.001349527665317139  0  0.0018148820326678765
360  search  0  0.001287001287001287  1  0.0029154518950437317  0  0.001349527665317139  0  0.0018148820326678765
361  security people  0  0.001287001287001287  1  0.0029154518950437317  0  0.001349527665317139  0  0.0018148820326678765
362  security risk  0  0.001287001287001287  1  0.0029154518950437317  0  0.001349527665317139  0  0.0018148820326678765
363  see  0  0.001287001287001287  0  0.0014577259475218659  2  0.004048582995951417  0  0.0018148820326678765
364  seem  1  0.002574002574002574  0  0.0014577259475218659  0  0.001349527665317139  0  0.0018148820326678765
365  selection a  1  0.002574002574002574  0  0.0014577259475218659  0  0.001349527665317139  0  0.0018148820326678765
366  sends aws  1  0.002574002574002574  0  0.0014577259475218659  0  0.001349527665317139  0  0.0018148820326678765
367  set  0  0.001287001287001287  0  0.0014577259475218659  0  0.001349527665317139  1  0.003629764065335753
368  ship  1  0.002574002574002574  0  0.0014577259475218659  0  0.001349527665317139  0  0.0018148820326678765
369  should  0  0.001287001287001287  2  0.004373177842565598  0  0.001349527665317139  0  0.0018148820326678765
370  show hn  0  0.001287001287001287  0  0.0014577259475218659  18  0.02564102564102564  0  0.0018148820326678765
371  show_hn  0  0.001287001287001287  0  0.0014577259475218659  4  0.006747638326585695  0  0.0018148820326678765
372  show_hn awesome  0  0.001287001287001287  0  0.0014577259475218659  2  0.004048582995951417  0  0.0018148820326678765
373  show_hn bored  0  0.001287001287001287  0  0.0014577259475218659  1  0.002699055330634278  0  0.0018148820326678765
374  show_hn dataturks  0  0.001287001287001287  0  0.0014577259475218659  1  0.002699055330634278  0  0.0018148820326678765
375  show_hn dpage  0  0.001287001287001287  0  0.0014577259475218659  1  0.002699055330634278  0  0.0018148820326678765
376  show_hn medium  0  0.001287001287001287  0  0.0014577259475218659  1  0.002699055330634278  0  0.0018148820326678765
377  show_hn personalized  0  0.001287001287001287  0  0.0014577259475218659  1  0.002699055330634278  0  0.0018148820326678765
378  show_hn unofficial  0  0.001287001287001287  0  0.0014577259475218659  1  0.002699055330634278  0  0.0018148820326678765
379  shy  1  0.002574002574002574  0  0.0014577259475218659  0  0.001349527665317139  0  0.0018148820326678765
380  side project  0  0.001287001287001287  0  0.0014577259475218659  1  0.002699055330634278  0  0.0018148820326678765
381  signal simple  0  0.001287001287001287  0  0.0014577259475218659  1  0.002699055330634278  0  0.0018148820326678765
382  silicon  1  0.002574002574002574  0  0.0014577259475218659  0  0.001349527665317139  0  0.0018148820326678765
383  simple beautiful  0  0.001287001287001287  0  0.0014577259475218659  1  0.002699055330634278  0  0.0018148820326678765
384  site  0  0.001287001287001287  1  0.0029154518950437317  0  0.001349527665317139  0  0.0018148820326678765
385  slack  0  0.001287001287001287  0  0.0014577259475218659  2  0.004048582995951417  0  0.0018148820326678765
386  smartphone  0  0.001287001287001287  0  0.0014577259475218659  0  0.001349527665317139  1  0.003629764065335753
387  social  1  0.002574002574002574  0  0.0014577259475218659  0  0.001349527665317139  0  0.0018148820326678765
388  solve  0  0.001287001287001287  0  0.0014577259475218659  3  0.005398110661268556  0  0.0018148820326678765
389  some  1  0.002574002574002574  1  0.0029154518950437317  0  0.001349527665317139  0  0.0018148820326678765
390  sound  0  0.001287001287001287  0  0.0014577259475218659  1  0.002699055330634278  0  0.0018148820326678765
391  source analytics  0  0.001287001287001287  0  0.0014577259475218659  1  0.002699055330634278  0  0.0018148820326678765
392  source code  1  0.002574002574002574  0  0.0014577259475218659  0  0.001349527665317139  0  0.0018148820326678765
393  spark cluster  0  0.001287001287001287  1  0.0029154518950437317  0  0.001349527665317139  0  0.0018148820326678765
394  splitting  1  0.002574002574002574  0  0.0014577259475218659  0  0.001349527665317139  0  0.0018148820326678765
395  spotlight episode  1  0.002574002574002574  0  0.0014577259475218659  0  0.001349527665317139  0  0.0018148820326678765
396  ssd board  1  0.002574002574002574  0  0.0014577259475218659  0  0.001349527665317139  0  0.0018148820326678765
397  stakeholder  1  0.002574002574002574  0  0.0014577259475218659  0  0.001349527665317139  0  0.0018148820326678765
398  startup school  0  0.001287001287001287  1  0.0029154518950437317  0  0.001349527665317139  0  0.0018148820326678765
399  startups  0  0.001287001287001287  0  0.0014577259475218659  0  0.001349527665317139  1  0.003629764065335753
400  states plot  1  0.002574002574002574  0  0.0014577259475218659  0  0.001349527665317139  0  0.0018148820326678765
401  stats courses  0  0.001287001287001287  1  0.0029154518950437317  0  0.001349527665317139  0  0.0018148820326678765
402  stick  1  0.002574002574002574  0  0.0014577259475218659  0  0.001349527665317139  0  0.0018148820326678765
403  strava activity  0  0.001287001287001287  0  0.0014577259475218659  2  0.004048582995951417  0  0.0018148820326678765
404  studio  0  0.001287001287001287  0  0.0014577259475218659  1  0.002699055330634278  0  0.0018148820326678765
405  successful  0  0.001287001287001287  0  0.0014577259475218659  1  0.002699055330634278  0  0.0018148820326678765
406  suggested  0  0.001287001287001287  1  0.0029154518950437317  0  0.001349527665317139  0  0.0018148820326678765
407  support  0  0.001287001287001287  0  0.0014577259475218659  2  0.004048582995951417  1  0.003629764065335753
408  support poll  0  0.001287001287001287  0  0.0014577259475218659  0  0.001349527665317139  1  0.003629764065335753
409  switch fabric  1  0.002574002574002574  0  0.0014577259475218659  0  0.001349527665317139  0  0.0018148820326678765
410  tag  0  0.001287001287001287  0  0.0014577259475218659  2  0.004048582995951417  0  0.0018148820326678765
411  take  0  0.001287001287001287  1  0.0029154518950437317  0  0.001349527665317139  0  0.0018148820326678765
412  tax law  1  0.002574002574002574  0  0.0014577259475218659  0  0.001349527665317139  0  0.0018148820326678765
413  tax states  1  0.002574002574002574  0  0.0014577259475218659  0  0.001349527665317139  0  0.0018148820326678765
414  tech conference  1  0.002574002574002574  0  0.0014577259475218659  0  0.001349527665317139  0  0.0018148820326678765
415  test strategy  0  0.001287001287001287  0  0.0014577259475218659  1  0.002699055330634278  0  0.0018148820326678765
416  that  3  0.005148005148005148  2  0.004373177842565598  2  0.004048582995951417  1  0.003629764065335753
417  the  9  0.01287001287001287  1  0.0029154518950437317  4  0.006747638326585695  0  0.0018148820326678765
418  their  0  0.001287001287001287  1  0.0029154518950437317  0  0.001349527665317139  0  0.0018148820326678765
419  them  0  0.001287001287001287  1  0.0029154518950437317  3  0.005398110661268556  0  0.0018148820326678765
420  these  0  0.001287001287001287  0  0.0014577259475218659  0  0.001349527665317139  1  0.003629764065335753
421  they  0  0.001287001287001287  0  0.0014577259475218659  0  0.001349527665317139  1  0.003629764065335753
422  thing  0  0.001287001287001287  1  0.0029154518950437317  0  0.001349527665317139  0  0.0018148820326678765
423  this  0  0.001287001287001287  0  0.0014577259475218659  0  0.001349527665317139  1  0.003629764065335753
424  ticks  1  0.002574002574002574  0  0.0014577259475218659  0  0.001349527665317139  0  0.0018148820326678765
425  tier overages  1  0.002574002574002574  0  0.0014577259475218659  0  0.001349527665317139  0  0.0018148820326678765
426  time founder  0  0.001287001287001287  0  0.0014577259475218659  0  0.001349527665317139  1  0.003629764065335753
427  to  11  0.015444015444015444  9  0.014577259475218658  9  0.01349527665317139  2  0.0054446460980036296
428  tool  0  0.001287001287001287  0  0.0014577259475218659  2  0.004048582995951417  0  0.0018148820326678765
429  top  0  0.001287001287001287  0  0.0014577259475218659  0  0.001349527665317139  1  0.003629764065335753
430  top machine  1  0.002574002574002574  0  0.0014577259475218659  0  0.001349527665317139  0  0.0018148820326678765
431  touch  0  0.001287001287001287  0  0.0014577259475218659  2  0.004048582995951417  0  0.0018148820326678765
432  tour  1  0.002574002574002574  0  0.0014577259475218659  0  0.001349527665317139  0  0.0018148820326678765
433  trading platform  0  0.001287001287001287  0  0.0014577259475218659  1  0.002699055330634278  0  0.0018148820326678765
434  turn  1  0.002574002574002574  0  0.0014577259475218659  0  0.001349527665317139  0  0.0018148820326678765
435  two  1  0.002574002574002574  0  0.0014577259475218659  0  0.001349527665317139  0  0.0018148820326678765
436  type  0  0.001287001287001287  1  0.0029154518950437317  1  0.002699055330634278  0  0.0018148820326678765
437  u s  1  0.002574002574002574  0  0.0014577259475218659  0  0.001349527665317139  0  0.0018148820326678765
438  uc browser  1  0.002574002574002574  0  0.0014577259475218659  0  0.001349527665317139  0  0.0018148820326678765
439  unofficial protonmail  0  0.001287001287001287  0  0.0014577259475218659  1  0.002699055330634278  0  0.0018148820326678765
440  urgent need  0  0.001287001287001287  1  0.0029154518950437317  0  0.001349527665317139  0  0.0018148820326678765
441  use  1  0.002574002574002574  2  0.004373177842565598  1  0.002699055330634278  3  0.007259528130671506
442  users  1  0.002574002574002574  0  0.0014577259475218659  0  0.001349527665317139  0  0.0018148820326678765
443  using  1  0.002574002574002574  0  0.0014577259475218659  0  0.001349527665317139  0  0.0018148820326678765
444  v cryptocurrencies  0  0.001287001287001287  0  0.0014577259475218659  0  0.001349527665317139  1  0.003629764065335753
445  ve  0  0.001287001287001287  0  0.0014577259475218659  0  0.001349527665317139  1  0.003629764065335753
446  verified contract  0  0.001287001287001287  0  0.0014577259475218659  1  0.002699055330634278  0  0.0018148820326678765
447  version  0  0.001287001287001287  0  0.0014577259475218659  1  0.002699055330634278  0  0.0018148820326678765
448  virtual  0  0.001287001287001287  0  0.0014577259475218659  1  0.002699055330634278  0  0.0018148820326678765
449  visualize  0  0.001287001287001287  1  0.0029154518950437317  0  0.001349527665317139  0  0.0018148820326678765
450  volumes  1  0.002574002574002574  0  0.0014577259475218659  0  0.001349527665317139  0  0.0018148820326678765
451  wallace  1  0.002574002574002574  0  0.0014577259475218659  0  0.001349527665317139  0  0.0018148820326678765
452  want  0  0.001287001287001287  1  0.0029154518950437317  0  0.001349527665317139  0  0.0018148820326678765
453  we  1  0.002574002574002574  0  0.0014577259475218659  0  0.001349527665317139  0  0.0018148820326678765
454  web page  0  0.001287001287001287  0  0.0014577259475218659  2  0.004048582995951417  0  0.0018148820326678765
455  webpage  0  0.001287001287001287  0  0.0014577259475218659  2  0.004048582995951417  0  0.0018148820326678765
456  website  0  0.001287001287001287  0  0.0014577259475218659  2  0.004048582995951417  0  0.0018148820326678765
457  wedew  1  0.002574002574002574  0  0.0014577259475218659  0  0.001349527665317139  0  0.0018148820326678765
458  what  1  0.002574002574002574  5  0.008746355685131196  1  0.002699055330634278  2  0.0054446460980036296
459  whats  0  0.001287001287001287  1  0.0029154518950437317  0  0.001349527665317139  0  0.0018148820326678765
460  which  0  0.001287001287001287  0  0.0014577259475218659  0  0.001349527665317139  1  0.003629764065335753
461  which tool  0  0.001287001287001287  1  0.0029154518950437317  0  0.001349527665317139  0  0.0018148820326678765
462  who  1  0.002574002574002574  0  0.0014577259475218659  0  0.001349527665317139  0  0.0018148820326678765
463  why  1  0.002574002574002574  0  0.0014577259475218659  0  0.001349527665317139  0  0.0018148820326678765
464  with  3  0.005148005148005148  2  0.004373177842565598  4  0.006747638326585695  0  0.0018148820326678765
465  word format  0  0.001287001287001287  1  0.0029154518950437317  0  0.001349527665317139  0  0.0018148820326678765
466  work  3  0.005148005148005148  0  0.0014577259475218659  0  0.001349527665317139  0  0.0018148820326678765
467  work allows  0  0.001287001287001287  1  0.0029154518950437317  0  0.001349527665317139  0  0.0018148820326678765
468  would  0  0.001287001287001287  1  0.0029154518950437317  0  0.001349527665317139  1  0.003629764065335753
469  write  0  0.001287001287001287  1  0.0029154518950437317  0  0.001349527665317139  0  0.0018148820326678765
470  wrong  0  0.001287001287001287  1  0.0029154518950437317  0  0.001349527665317139  0  0.0018148820326678765
471  year  2  0.003861003861003861  1  0.0029154518950437317  0  0.001349527665317139  1  0.003629764065335753
472  year resolution  0  0.001287001287001287  1  0.0029154518950437317  0  0.001349527665317139  0  0.0018148820326678765
473  yet  0  0.001287001287001287  1  0.0029154518950437317  0  0.001349527665317139  0  0.0018148820326678765
474  you  4  0.006435006435006435  8  0.013119533527696793  0  0.001349527665317139  5  0.010889292196007259
475  your  0  0.001287001287001287  7  0.011661807580174927  6  0.009446693657219974  2  0.0054446460980036296
