1  a practical  1  0.0020804438280166435  0  0.0007936507936507937  0  0.00072992700729927  0  0.00101010101010101
2  aardman animations  1  0.0020804438280166435  0  0.0007936507936507937  0  0.00072992700729927  0  0.00101010101010101
3  accomplish  0  0.0006934812760055479  1  0.002380952380952381  0  0.00072992700729927  0  0.00101010101010101
4  achieve  0  0.0006934812760055479  1  0.002380952380952381  0  0.00072992700729927  1  0.0030303030303030303
5  achilles  1  0.0020804438280166435  0  0.0007936507936507937  0  0.00072992700729927  0  0.00101010101010101
6  admit  1  0.0020804438280166435  0  0.0007936507936507937  0  0.00072992700729927  0  0.00101010101010101
7  advice  1  0.0020804438280166435  0  0.0007936507936507937  0  0.00072992700729927  0  0.00101010101010101
8  agile  0  0.0006934812760055479  1  0.002380952380952381  0  0.00072992700729927  0  0.00101010101010101
9  ai  1  0.0020804438280166435  0  0.0007936507936507937  0  0.00072992700729927  0  0.00101010101010101
10  air  1  0.0020804438280166435  0  0.0007936507936507937  0  0.00072992700729927  0  0.00101010101010101
11  air force  1  0.0020804438280166435  0  0.0007936507936507937  0  0.00072992700729927  0  0.00101010101010101
12  aircraft carriers  1  0.0020804438280166435  0  0.0007936507936507937  0  0.00072992700729927  0  0.00101010101010101
13  albatross manage  0  0.0006934812760055479  0  0.0007936507936507937  2  0.0036496350364963502  0  0.00101010101010101
14  alexa skill  1  0.0020804438280166435  0  0.0007936507936507937  0  0.00072992700729927  0  0.00101010101010101
15  alibaba  1  0.0020804438280166435  0  0.0007936507936507937  0  0.00072992700729927  0  0.00101010101010101
16  amazon mistakenly  1  0.0020804438280166435  0  0.0007936507936507937  0  0.00072992700729927  0  0.00101010101010101
17  amid u  1  0.0020804438280166435  0  0.0007936507936507937  0  0.00072992700729927  0  0.00101010101010101
18  analysis overview  0  0.0006934812760055479  0  0.0007936507936507937  1  0.0021897810218978104  0  0.00101010101010101
19  analytics  0  0.0006934812760055479  1  0.002380952380952381  0  0.00072992700729927  0  0.00101010101010101
20  analyze  1  0.0020804438280166435  0  0.0007936507936507937  0  0.00072992700729927  0  0.00101010101010101
21  annotate  0  0.0006934812760055479  0  0.0007936507936507937  2  0.0036496350364963502  0  0.00101010101010101
22  annotation tool  0  0.0006934812760055479  0  0.0007936507936507937  1  0.0021897810218978104  0  0.00101010101010101
23  anonymously  0  0.0006934812760055479  0  0.0007936507936507937  2  0.0036496350364963502  0  0.00101010101010101
24  apartments stay  0  0.0006934812760055479  0  0.0007936507936507937  2  0.0036496350364963502  0  0.00101010101010101
25  app  0  0.0006934812760055479  1  0.002380952380952381  0  0.00072992700729927  0  0.00101010101010101
26  apple employee  0  0.0006934812760055479  0  0.0007936507936507937  0  0.00072992700729927  1  0.0030303030303030303
27  approve  0  0.0006934812760055479  1  0.002380952380952381  0  0.00072992700729927  0  0.00101010101010101
28  architecture  1  0.0020804438280166435  0  0.0007936507936507937  0  0.00072992700729927  0  0.00101010101010101
29  archive  0  0.0006934812760055479  1  0.002380952380952381  0  0.00072992700729927  0  0.00101010101010101
30  artificial  1  0.0020804438280166435  0  0.0007936507936507937  0  0.00072992700729927  0  0.00101010101010101
31  arxiv  1  0.0020804438280166435  0  0.0007936507936507937  0  0.00072992700729927  0  0.00101010101010101
32  arxivml  1  0.0020804438280166435  0  0.0007936507936507937  0  0.00072992700729927  0  0.00101010101010101
33  asian  1  0.0020804438280166435  0  0.0007936507936507937  0  0.00072992700729927  0  0.00101010101010101
34  ask hn  0  0.0006934812760055479  8  0.013492063492063493  0  0.00072992700729927  0  0.00101010101010101
35  ask_hn  0  0.0006934812760055479  7  0.011904761904761904  0  0.00072992700729927  0  0.00101010101010101
36  ask_hn hire  0  0.0006934812760055479  1  0.002380952380952381  0  0.00072992700729927  0  0.00101010101010101
37  ask_hn urgent  0  0.0006934812760055479  1  0.002380952380952381  0  0.00072992700729927  0  0.00101010101010101
38  ask_hn which  0  0.0006934812760055479  1  0.002380952380952381  0  0.00072992700729927  0  0.00101010101010101
39  attend  1  0.0020804438280166435  0  0.0007936507936507937  0  0.00072992700729927  0  0.00101010101010101
40  audio  0  0.0006934812760055479  0  0.0007936507936507937  1  0.0021897810218978104  0  0.00101010101010101
41  average  1  0.0020804438280166435  0  0.0007936507936507937  0  0.00072992700729927  0  0.00101010101010101
42  average blame  1  0.0020804438280166435  0  0.0007936507936507937  0  0.00072992700729927  0  0.00101010101010101
43  awesome bitcoin  0  0.0006934812760055479  0  0.0007936507936507937  2  0.0036496350364963502  0  0.00101010101010101
44  aws budget  1  0.0020804438280166435  0  0.0007936507936507937  0  0.00072992700729927  0  0.00101010101010101
45  back  1  0.0020804438280166435  0  0.0007936507936507937  0  0.00072992700729927  0  0.00101010101010101
46  band  1  0.0020804438280166435  0  0.0007936507936507937  0  0.00072992700729927  0  0.00101010101010101
47  base  1  0.0020804438280166435  0  0.0007936507936507937  0  0.00072992700729927  0  0.00101010101010101
48  best  1  0.0020804438280166435  0  0.0007936507936507937  2  0.0036496350364963502  0  0.00101010101010101
49  billion matrix  1  0.0020804438280166435  0  0.0007936507936507937  0  0.00072992700729927  0  0.00101010101010101
50  bitcoin payment  0  0.0006934812760055479  0  0.0007936507936507937  2  0.0036496350364963502  0  0.00101010101010101
51  black  0  0.0006934812760055479  1  0.002380952380952381  0  0.00072992700729927  0  0.00101010101010101
52  blame climate  1  0.0020804438280166435  0  0.0007936507936507937  0  0.00072992700729927  0  0.00101010101010101
53  block  1  0.0020804438280166435  0  0.0007936507936507937  0  0.00072992700729927  0  0.00101010101010101
54  blunt impact  1  0.0020804438280166435  0  0.0007936507936507937  0  0.00072992700729927  0  0.00101010101010101
55  book  1  0.0020804438280166435  1  0.002380952380952381  0  0.00072992700729927  1  0.0030303030303030303
56  bored hackers  0  0.0006934812760055479  0  0.0007936507936507937  1  0.0021897810218978104  0  0.00101010101010101
57  budget emails  1  0.0020804438280166435  0  0.0007936507936507937  0  0.00072992700729927  0  0.00101010101010101
58  build  0  0.0006934812760055479  1  0.002380952380952381  0  0.00072992700729927  0  0.00101010101010101
59  building  1  0.0020804438280166435  0  0.0007936507936507937  0  0.00072992700729927  0  0.00101010101010101
60  business target  0  0.0006934812760055479  0  0.0007936507936507937  0  0.00072992700729927  1  0.0030303030303030303
61  busy  1  0.0020804438280166435  0  0.0007936507936507937  0  0.00072992700729927  0  0.00101010101010101
62  buy  1  0.0020804438280166435  0  0.0007936507936507937  0  0.00072992700729927  0  0.00101010101010101
63  c  1  0.0020804438280166435  0  0.0007936507936507937  0  0.00072992700729927  0  0.00101010101010101
64  cache web  0  0.0006934812760055479  0  0.0007936507936507937  2  0.0036496350364963502  0  0.00101010101010101
65  caption  1  0.0020804438280166435  0  0.0007936507936507937  0  0.00072992700729927  0  0.00101010101010101
66  chart  0  0.0006934812760055479  0  0.0007936507936507937  1  0.0021897810218978104  0  0.00101010101010101
67  chatroom  0  0.0006934812760055479  0  0.0007936507936507937  1  0.0021897810218978104  0  0.00101010101010101
68  cheap  1  0.0020804438280166435  0  0.0007936507936507937  0  0.00072992700729927  0  0.00101010101010101
69  chewing  1  0.0020804438280166435  0  0.0007936507936507937  0  0.00072992700729927  0  0.00101010101010101
70  china  1  0.0020804438280166435  0  0.0007936507936507937  0  0.00072992700729927  0  0.00101010101010101
71  choose  1  0.0020804438280166435  0  0.0007936507936507937  0  0.00072992700729927  0  0.00101010101010101
72  climate change  1  0.0020804438280166435  0  0.0007936507936507937  0  0.00072992700729927  0  0.00101010101010101
73  cloud  1  0.0020804438280166435  0  0.0007936507936507937  0  0.00072992700729927  0  0.00101010101010101
74  code snippet  0  0.0006934812760055479  1  0.002380952380952381  0  0.00072992700729927  0  0.00101010101010101
75  command  0  0.0006934812760055479  0  0.0007936507936507937  1  0.0021897810218978104  0  0.00101010101010101
76  common  0  0.0006934812760055479  0  0.0007936507936507937  1  0.0021897810218978104  0  0.00101010101010101
77  company  0  0.0006934812760055479  1  0.002380952380952381  0  0.00072992700729927  0  0.00101010101010101
78  company freelancer  0  0.0006934812760055479  1  0.002380952380952381  0  0.00072992700729927  0  0.00101010101010101
79  comparison  0  0.0006934812760055479  0  0.0007936507936507937  1  0.0021897810218978104  0  0.00101010101010101
80  compete  0  0.0006934812760055479  0  0.0007936507936507937  1  0.0021897810218978104  0  0.00101010101010101
81  config  1  0.0020804438280166435  0  0.0007936507936507937  0  0.00072992700729927  0  0.00101010101010101
82  content generation  1  0.0020804438280166435  0  0.0007936507936507937  0  0.00072992700729927  0  0.00101010101010101
83  contract worker  0  0.0006934812760055479  0  0.0007936507936507937  1  0.0021897810218978104  0  0.00101010101010101
84  corp  0  0.0006934812760055479  2  0.003968253968253968  0  0.00072992700729927  0  0.00101010101010101
85  could test  1  0.0020804438280166435  0  0.0007936507936507937  0  0.00072992700729927  0  0.00101010101010101
86  course  0  0.0006934812760055479  0  0.0007936507936507937  0  0.00072992700729927  1  0.0030303030303030303
87  create  1  0.0020804438280166435  0  0.0007936507936507937  2  0.0036496350364963502  0  0.00101010101010101
88  crypto trading  0  0.0006934812760055479  0  0.0007936507936507937  1  0.0021897810218978104  0  0.00101010101010101
89  cryptocoin tax  0  0.0006934812760055479  0  0.0007936507936507937  0  0.00072992700729927  1  0.0030303030303030303
90  cryptocurrency payment  0  0.0006934812760055479  0  0.0007936507936507937  1  0.0021897810218978104  0  0.00101010101010101
91  current  0  0.0006934812760055479  0  0.0007936507936507937  0  0.00072992700729927  1  0.0030303030303030303
92  custom adapter  1  0.0020804438280166435  0  0.0007936507936507937  0  0.00072992700729927  0  0.00101010101010101
93  data analysis  0  0.0006934812760055479  0  0.0007936507936507937  1  0.0021897810218978104  0  0.00101010101010101
94  data science  1  0.0020804438280166435  0  0.0007936507936507937  0  0.00072992700729927  0  0.00101010101010101
95  data scientist  0  0.0006934812760055479  0  0.0007936507936507937  1  0.0021897810218978104  0  0.00101010101010101
96  dataturks ml  0  0.0006934812760055479  0  0.0007936507936507937  1  0.0021897810218978104  0  0.00101010101010101
97  date  1  0.0020804438280166435  0  0.0007936507936507937  0  0.00072992700729927  0  0.00101010101010101
98  death  1  0.0020804438280166435  0  0.0007936507936507937  0  0.00072992700729927  0  0.00101010101010101
99  decentralize  1  0.0020804438280166435  0  0.0007936507936507937  2  0.0036496350364963502  0  0.00101010101010101
100  decision  1  0.0020804438280166435  1  0.002380952380952381  0  0.00072992700729927  0  0.00101010101010101
101  deep  0  0.0006934812760055479  0  0.0007936507936507937  2  0.0036496350364963502  1  0.0030303030303030303
102  deep learning  1  0.0020804438280166435  0  0.0007936507936507937  0  0.00072992700729927  0  0.00101010101010101
103  democrats  1  0.0020804438280166435  0  0.0007936507936507937  0  0.00072992700729927  0  0.00101010101010101
104  design issue  0  0.0006934812760055479  0  0.0007936507936507937  1  0.0021897810218978104  0  0.00101010101010101
105  designer procedural  1  0.0020804438280166435  0  0.0007936507936507937  0  0.00072992700729927  0  0.00101010101010101
106  desktop app  0  0.0006934812760055479  0  0.0007936507936507937  1  0.0021897810218978104  0  0.00101010101010101
107  develop  0  0.0006934812760055479  1  0.002380952380952381  0  0.00072992700729927  0  0.00101010101010101
108  developer  0  0.0006934812760055479  1  0.002380952380952381  0  0.00072992700729927  0  0.00101010101010101
109  devserver  0  0.0006934812760055479  0  0.0007936507936507937  2  0.0036496350364963502  0  0.00101010101010101
110  diagnosing  1  0.0020804438280166435  0  0.0007936507936507937  0  0.00072992700729927  0  0.00101010101010101
111  different  0  0.0006934812760055479  0  0.0007936507936507937  1  0.0021897810218978104  0  0.00101010101010101
112  difficult  0  0.0006934812760055479  1  0.002380952380952381  0  0.00072992700729927  0  0.00101010101010101
113  disease  1  0.0020804438280166435  0  0.0007936507936507937  0  0.00072992700729927  0  0.00101010101010101
114  dominate  1  0.0020804438280166435  0  0.0007936507936507937  0  0.00072992700729927  0  0.00101010101010101
115  dont  1  0.0020804438280166435  0  0.0007936507936507937  0  0.00072992700729927  0  0.00101010101010101
116  download  0  0.0006934812760055479  1  0.002380952380952381  0  0.00072992700729927  0  0.00101010101010101
117  download cache  0  0.0006934812760055479  0  0.0007936507936507937  2  0.0036496350364963502  0  0.00101010101010101
118  downloads  0  0.0006934812760055479  1  0.002380952380952381  0  0.00072992700729927  0  0.00101010101010101
119  dpage build  0  0.0006934812760055479  0  0.0007936507936507937  2  0.0036496350364963502  0  0.00101010101010101
120  drinking water  1  0.0020804438280166435  0  0.0007936507936507937  0  0.00072992700729927  0  0.00101010101010101
121  early  1  0.0020804438280166435  0  0.0007936507936507937  0  0.00072992700729927  0  0.00101010101010101
122  earn  0  0.0006934812760055479  0  0.0007936507936507937  2  0.0036496350364963502  0  0.00101010101010101
123  easy  1  0.0020804438280166435  0  0.0007936507936507937  0  0.00072992700729927  0  0.00101010101010101
124  email  0  0.0006934812760055479  1  0.002380952380952381  0  0.00072992700729927  0  0.00101010101010101
125  email address  0  0.0006934812760055479  0  0.0007936507936507937  2  0.0036496350364963502  0  0.00101010101010101
126  email template  0  0.0006934812760055479  1  0.002380952380952381  0  0.00072992700729927  0  0.00101010101010101
127  emails forecasting  1  0.0020804438280166435  0  0.0007936507936507937  0  0.00072992700729927  0  0.00101010101010101
128  emmc  1  0.0020804438280166435  0  0.0007936507936507937  0  0.00072992700729927  0  0.00101010101010101
129  employees  1  0.0020804438280166435  0  0.0007936507936507937  0  0.00072992700729927  0  0.00101010101010101
130  end development  1  0.0020804438280166435  0  0.0007936507936507937  0  0.00072992700729927  0  0.00101010101010101
131  end smartphones  1  0.0020804438280166435  0  0.0007936507936507937  0  0.00072992700729927  0  0.00101010101010101
132  entire  0  0.0006934812760055479  0  0.0007936507936507937  2  0.0036496350364963502  0  0.00101010101010101
133  entrepreneurial  1  0.0020804438280166435  0  0.0007936507936507937  0  0.00072992700729927  0  0.00101010101010101
134  european  1  0.0020804438280166435  0  0.0007936507936507937  0  0.00072992700729927  0  0.00101010101010101
135  everything  1  0.0020804438280166435  0  0.0007936507936507937  0  0.00072992700729927  0  0.00101010101010101
136  example code  1  0.0020804438280166435  0  0.0007936507936507937  0  0.00072992700729927  0  0.00101010101010101
137  excuse  0  0.0006934812760055479  1  0.002380952380952381  0  0.00072992700729927  0  0.00101010101010101
138  explicitly  0  0.0006934812760055479  0  0.0007936507936507937  0  0.00072992700729927  1  0.0030303030303030303
139  fabric pdf  1  0.0020804438280166435  0  0.0007936507936507937  0  0.00072992700729927  0  0.00101010101010101
140  facebook  0  0.0006934812760055479  1  0.002380952380952381  0  0.00072992700729927  0  0.00101010101010101
141  fake  1  0.0020804438280166435  0  0.0007936507936507937  0  0.00072992700729927  0  0.00101010101010101
142  family  0  0.0006934812760055479  0  0.0007936507936507937  2  0.0036496350364963502  0  0.00101010101010101
143  fanbase  1  0.0020804438280166435  0  0.0007936507936507937  0  0.00072992700729927  0  0.00101010101010101
144  feature  0  0.0006934812760055479  1  0.002380952380952381  0  0.00072992700729927  0  0.00101010101010101
145  feature engineering  1  0.0020804438280166435  0  0.0007936507936507937  0  0.00072992700729927  0  0.00101010101010101
146  first  0  0.0006934812760055479  0  0.0007936507936507937  0  0.00072992700729927  1  0.0030303030303030303
147  flying  1  0.0020804438280166435  0  0.0007936507936507937  0  0.00072992700729927  0  0.00101010101010101
148  folk  1  0.0020804438280166435  0  0.0007936507936507937  0  0.00072992700729927  0  0.00101010101010101
149  force could  1  0.0020804438280166435  0  0.0007936507936507937  0  0.00072992700729927  0  0.00101010101010101
150  forecasting free  1  0.0020804438280166435  0  0.0007936507936507937  0  0.00072992700729927  0  0.00101010101010101
151  framework youre  0  0.0006934812760055479  0  0.0007936507936507937  0  0.00072992700729927  1  0.0030303030303030303
152  free tier  1  0.0020804438280166435  0  0.0007936507936507937  0  0.00072992700729927  0  0.00101010101010101
153  front  1  0.0020804438280166435  0  0.0007936507936507937  0  0.00072992700729927  0  0.00101010101010101
154  fully  1  0.0020804438280166435  0  0.0007936507936507937  0  0.00072992700729927  0  0.00101010101010101
155  fun algorithm  0  0.0006934812760055479  1  0.002380952380952381  0  0.00072992700729927  0  0.00101010101010101
156  fun way  0  0.0006934812760055479  0  0.0007936507936507937  1  0.0021897810218978104  0  0.00101010101010101
157  game  1  0.0020804438280166435  0  0.0007936507936507937  0  0.00072992700729927  0  0.00101010101010101
158  games  1  0.0020804438280166435  0  0.0007936507936507937  0  0.00072992700729927  0  0.00101010101010101
159  get  2  0.0034674063800277394  1  0.002380952380952381  0  0.00072992700729927  0  0.00101010101010101
160  gigabytes  1  0.0020804438280166435  0  0.0007936507936507937  0  0.00072992700729927  0  0.00101010101010101
161  github repos  0  0.0006934812760055479  0  0.0007936507936507937  2  0.0036496350364963502  0  0.00101010101010101
162  gives  1  0.0020804438280166435  0  0.0007936507936507937  0  0.00072992700729927  0  0.00101010101010101
163  gpu memory  0  0.0006934812760055479  1  0.002380952380952381  0  0.00072992700729927  0  0.00101010101010101
164  great  0  0.0006934812760055479  1  0.002380952380952381  0  0.00072992700729927  0  0.00101010101010101
165  gromit producer  1  0.0020804438280166435  0  0.0007936507936507937  0  0.00072992700729927  0  0.00101010101010101
166  hack  0  0.0006934812760055479  1  0.002380952380952381  0  0.00072992700729927  0  0.00101010101010101
167  hacker  0  0.0006934812760055479  0  0.0007936507936507937  1  0.0021897810218978104  0  0.00101010101010101
168  have  0  0.0006934812760055479  1  0.002380952380952381  1  0.0021897810218978104  0  0.00101010101010101
169  help  1  0.0020804438280166435  0  0.0007936507936507937  0  0.00072992700729927  0  0.00101010101010101
170  high tax  1  0.0020804438280166435  0  0.0007936507936507937  0  0.00072992700729927  0  0.00101010101010101
171  hire  0  0.0006934812760055479  1  0.002380952380952381  0  0.00072992700729927  0  0.00101010101010101
172  hn  0  0.0006934812760055479  0  0.0007936507936507937  0  0.00072992700729927  1  0.0030303030303030303
173  hn albatross  0  0.0006934812760055479  0  0.0007936507936507937  2  0.0036496350364963502  0  0.00101010101010101
174  hn blind  0  0.0006934812760055479  0  0.0007936507936507937  2  0.0036496350364963502  0  0.00101010101010101
175  hn data  0  0.0006934812760055479  0  0.0007936507936507937  1  0.0021897810218978104  0  0.00101010101010101
176  hn download  0  0.0006934812760055479  0  0.0007936507936507937  2  0.0036496350364963502  0  0.00101010101010101
177  hn dpage  0  0.0006934812760055479  0  0.0007936507936507937  1  0.0021897810218978104  0  0.00101010101010101
178  hn fix  0  0.0006934812760055479  0  0.0007936507936507937  1  0.0021897810218978104  0  0.00101010101010101
179  hn good  0  0.0006934812760055479  1  0.002380952380952381  0  0.00072992700729927  0  0.00101010101010101
180  hn personalized  0  0.0006934812760055479  0  0.0007936507936507937  1  0.0021897810218978104  0  0.00101010101010101
181  hn poll  1  0.0020804438280166435  0  0.0007936507936507937  0  0.00072992700729927  0  0.00101010101010101
182  hn signal  0  0.0006934812760055479  0  0.0007936507936507937  1  0.0021897810218978104  0  0.00101010101010101
183  hn support  0  0.0006934812760055479  0  0.0007936507936507937  0  0.00072992700729927  1  0.0030303030303030303
184  hn whats  0  0.0006934812760055479  2  0.003968253968253968  0  0.00072992700729927  0  0.00101010101010101
185  hobby project  0  0.0006934812760055479  0  0.0007936507936507937  0  0.00072992700729927  1  0.0030303030303030303
186  hole  0  0.0006934812760055479  1  0.002380952380952381  0  0.00072992700729927  0  0.00101010101010101
187  i  0  0.0006934812760055479  3  0.005555555555555556  3  0.0051094890510948905  0  0.00101010101010101
188  idea  0  0.0006934812760055479  0  0.0007936507936507937  1  0.0021897810218978104  0  0.00101010101010101
189  immune repertoires  1  0.0020804438280166435  0  0.0007936507936507937  0  0.00072992700729927  0  0.00101010101010101
190  important  1  0.0020804438280166435  0  0.0007936507936507937  0  0.00072992700729927  0  0.00101010101010101
191  incoming  0  0.0006934812760055479  1  0.002380952380952381  0  0.00072992700729927  0  0.00101010101010101
192  indie spotlight  1  0.0020804438280166435  0  0.0007936507936507937  0  0.00072992700729927  0  0.00101010101010101
193  integrate  0  0.0006934812760055479  1  0.002380952380952381  0  0.00072992700729927  0  0.00101010101010101
194  interesting  0  0.0006934812760055479  1  0.002380952380952381  0  0.00072992700729927  0  0.00101010101010101
195  internet  1  0.0020804438280166435  0  0.0007936507936507937  2  0.0036496350364963502  0  0.00101010101010101
196  interview  0  0.0006934812760055479  1  0.002380952380952381  0  0.00072992700729927  0  0.00101010101010101
197  intro  0  0.0006934812760055479  1  0.002380952380952381  0  0.00072992700729927  0  0.00101010101010101
198  involve  0  0.0006934812760055479  1  0.002380952380952381  0  0.00072992700729927  0  0.00101010101010101
199  ipad development  0  0.0006934812760055479  0  0.0007936507936507937  2  0.0036496350364963502  0  0.00101010101010101
200  iron snout  1  0.0020804438280166435  0  0.0007936507936507937  0  0.00072992700729927  0  0.00101010101010101
201  it  1  0.0020804438280166435  0  0.0007936507936507937  0  0.00072992700729927  0  0.00101010101010101
202  javascript framework  0  0.0006934812760055479  0  0.0007936507936507937  0  0.00072992700729927  1  0.0030303030303030303
203  job  0  0.0006934812760055479  1  0.002380952380952381  0  0.00072992700729927  0  0.00101010101010101
204  know  1  0.0020804438280166435  0  0.0007936507936507937  0  0.00072992700729927  2  0.005050505050505051
205  kubernetes pods  1  0.0020804438280166435  0  0.0007936507936507937  0  0.00072992700729927  0  0.00101010101010101
206  laptop  0  0.0006934812760055479  0  0.0007936507936507937  0  0.00072992700729927  1  0.0030303030303030303
207  late  1  0.0020804438280166435  0  0.0007936507936507937  0  0.00072992700729927  0  0.00101010101010101
208  launch  0  0.0006934812760055479  0  0.0007936507936507937  1  0.0021897810218978104  0  0.00101010101010101
209  learn  1  0.0020804438280166435  1  0.002380952380952381  1  0.0021897810218978104  0  0.00101010101010101
210  learning libraries  1  0.0020804438280166435  0  0.0007936507936507937  0  0.00072992700729927  0  0.00101010101010101
211  learning v  0  0.0006934812760055479  0  0.0007936507936507937  0  0.00072992700729927  1  0.0030303030303030303
212  level designer  1  0.0020804438280166435  0  0.0007936507936507937  0  0.00072992700729927  0  0.00101010101010101
213  level domain  0  0.0006934812760055479  0  0.0007936507936507937  0  0.00072992700729927  1  0.0030303030303030303
214  life cycle  1  0.0020804438280166435  0  0.0007936507936507937  0  0.00072992700729927  0  0.00101010101010101
215  line app  0  0.0006934812760055479  0  0.0007936507936507937  1  0.0021897810218978104  0  0.00101010101010101
216  linking  0  0.0006934812760055479  0  0.0007936507936507937  2  0.0036496350364963502  0  0.00101010101010101
217  living well  1  0.0020804438280166435  0  0.0007936507936507937  0  0.00072992700729927  0  0.00101010101010101
218  locally  0  0.0006934812760055479  0  0.0007936507936507937  2  0.0036496350364963502  0  0.00101010101010101
219  long  0  0.0006934812760055479  1  0.002380952380952381  0  0.00072992700729927  0  0.00101010101010101
220  lot  0  0.0006934812760055479  1  0.002380952380952381  0  0.00072992700729927  0  0.00101010101010101
221  loved  0  0.0006934812760055479  0  0.0007936507936507937  2  0.0036496350364963502  0  0.00101010101010101
222  low  1  0.0020804438280166435  0  0.0007936507936507937  0  0.00072992700729927  0  0.00101010101010101
223  machine  1  0.0020804438280166435  0  0.0007936507936507937  0  0.00072992700729927  0  0.00101010101010101
224  machine learning  1  0.0020804438280166435  0  0.0007936507936507937  0  0.00072992700729927  0  0.00101010101010101
225  maintain  1  0.0020804438280166435  0  0.0007936507936507937  0  0.00072992700729927  0  0.00101010101010101
226  make  1  0.0020804438280166435  1  0.002380952380952381  1  0.0021897810218978104  0  0.00101010101010101
227  manage  1  0.0020804438280166435  0  0.0007936507936507937  2  0.0036496350364963502  0  0.00101010101010101
228  market  1  0.0020804438280166435  0  0.0007936507936507937  0  0.00072992700729927  0  0.00101010101010101
229  matrix crammed  1  0.0020804438280166435  0  0.0007936507936507937  0  0.00072992700729927  0  0.00101010101010101
230  meditate  0  0.0006934812760055479  0  0.0007936507936507937  1  0.0021897810218978104  0  0.00101010101010101
231  medium play  0  0.0006934812760055479  0  0.0007936507936507937  1  0.0021897810218978104  0  0.00101010101010101
232  medium story  0  0.0006934812760055479  0  0.0007936507936507937  1  0.0021897810218978104  0  0.00101010101010101
233  memory  1  0.0020804438280166435  0  0.0007936507936507937  0  0.00072992700729927  0  0.00101010101010101
234  memory usage  0  0.0006934812760055479  1  0.002380952380952381  0  0.00072992700729927  0  0.00101010101010101
235  merge conflict  0  0.0006934812760055479  0  0.0007936507936507937  1  0.0021897810218978104  0  0.00101010101010101
236  might  1  0.0020804438280166435  0  0.0007936507936507937  0  0.00072992700729927  0  0.00101010101010101
237  mistakenly sends  1  0.0020804438280166435  0  0.0007936507936507937  0  0.00072992700729927  0  0.00101010101010101
238  ml annotation  0  0.0006934812760055479  0  0.0007936507936507937  1  0.0021897810218978104  0  0.00101010101010101
239  mobile indie  1  0.0020804438280166435  0  0.0007936507936507937  0  0.00072992700729927  0  0.00101010101010101
240  modular  1  0.0020804438280166435  0  0.0007936507936507937  0  0.00072992700729927  0  0.00101010101010101
241  money  0  0.0006934812760055479  1  0.002380952380952381  2  0.0036496350364963502  0  0.00101010101010101
242  moose  1  0.0020804438280166435  0  0.0007936507936507937  0  0.00072992700729927  0  0.00101010101010101
243  my  1  0.0020804438280166435  1  0.002380952380952381  1  0.0021897810218978104  0  0.00101010101010101
244  need  1  0.0020804438280166435  0  0.0007936507936507937  0  0.00072992700729927  0  0.00101010101010101
245  negotiate  0  0.0006934812760055479  1  0.002380952380952381  0  0.00072992700729927  0  0.00101010101010101
246  neighbor  0  0.0006934812760055479  0  0.0007936507936507937  2  0.0036496350364963502  0  0.00101010101010101
247  network  1  0.0020804438280166435  0  0.0007936507936507937  0  0.00072992700729927  0  0.00101010101010101
248  neural  1  0.0020804438280166435  0  0.0007936507936507937  0  0.00072992700729927  0  0.00101010101010101
249  never  1  0.0020804438280166435  1  0.002380952380952381  0  0.00072992700729927  0  0.00101010101010101
250  new  0  0.0006934812760055479  1  0.002380952380952381  1  0.0021897810218978104  0  0.00101010101010101
251  new tax  1  0.0020804438280166435  0  0.0007936507936507937  0  0.00072992700729927  0  0.00101010101010101
252  next  1  0.0020804438280166435  0  0.0007936507936507937  0  0.00072992700729927  1  0.0030303030303030303
253  nobody  1  0.0020804438280166435  0  0.0007936507936507937  0  0.00072992700729927  0  0.00101010101010101
254  non  1  0.0020804438280166435  0  0.0007936507936507937  0  0.00072992700729927  0  0.00101010101010101
255  of  6  0.009015256588072122  4  0.007142857142857143  3  0.0051094890510948905  2  0.005050505050505051
256  old  0  0.0006934812760055479  0  0.0007936507936507937  0  0.00072992700729927  1  0.0030303030303030303
257  once  1  0.0020804438280166435  0  0.0007936507936507937  0  0.00072992700729927  0  0.00101010101010101
258  open  0  0.0006934812760055479  0  0.0007936507936507937  1  0.0021897810218978104  0  0.00101010101010101
259  orient  0  0.0006934812760055479  0  0.0007936507936507937  1  0.0021897810218978104  0  0.00101010101010101
260  own  1  0.0020804438280166435  1  0.002380952380952381  0  0.00072992700729927  0  0.00101010101010101
261  ownership  1  0.0020804438280166435  0  0.0007936507936507937  0  0.00072992700729927  0  0.00101010101010101
262  paper  1  0.0020804438280166435  0  0.0007936507936507937  0  0.00072992700729927  0  0.00101010101010101
263  part  1  0.0020804438280166435  1  0.002380952380952381  0  0.00072992700729927  0  0.00101010101010101
264  passwords  1  0.0020804438280166435  0  0.0007936507936507937  0  0.00072992700729927  0  0.00101010101010101
265  patreon problem  0  0.0006934812760055479  0  0.0007936507936507937  2  0.0036496350364963502  0  0.00101010101010101
266  pay  0  0.0006934812760055479  0  0.0007936507936507937  0  0.00072992700729927  1  0.0030303030303030303
267  payment processor  0  0.0006934812760055479  0  0.0007936507936507937  1  0.0021897810218978104  0  0.00101010101010101
268  payment processors  0  0.0006934812760055479  0  0.0007936507936507937  2  0.0036496350364963502  0  0.00101010101010101
269  pdf  0  0.0006934812760055479  1  0.002380952380952381  0  0.00072992700729927  0  0.00101010101010101
270  people  0  0.0006934812760055479  1  0.002380952380952381  1  0.0021897810218978104  0  0.00101010101010101
271  permanently  0  0.0006934812760055479  0  0.0007936507936507937  2  0.0036496350364963502  0  0.00101010101010101
272  persistence  1  0.0020804438280166435  0  0.0007936507936507937  0  0.00072992700729927  0  0.00101010101010101
273  personalized email  0  0.0006934812760055479  0  0.0007936507936507937  2  0.0036496350364963502  0  0.00101010101010101
274  photo  1  0.0020804438280166435  0  0.0007936507936507937  0  0.00072992700729927  0  0.00101010101010101
275  photonic  1  0.0020804438280166435  0  0.0007936507936507937  0  0.00072992700729927  0  0.00101010101010101
276  platform test  0  0.0006934812760055479  0  0.0007936507936507937  1  0.0021897810218978104  0  0.00101010101010101
277  play listen  0  0.0006934812760055479  0  0.0007936507936507937  1  0.0021897810218978104  0  0.00101010101010101
278  poll  0  0.0006934812760055479  0  0.0007936507936507937  0  0.00072992700729927  1  0.0030303030303030303
279  poll developers  0  0.0006934812760055479  0  0.0007936507936507937  0  0.00072992700729927  1  0.0030303030303030303
280  poll friends  0  0.0006934812760055479  0  0.0007936507936507937  0  0.00072992700729927  1  0.0030303030303030303
281  poll newish  0  0.0006934812760055479  0  0.0007936507936507937  0  0.00072992700729927  1  0.0030303030303030303
282  poll results  1  0.0020804438280166435  0  0.0007936507936507937  0  0.00072992700729927  0  0.00101010101010101
283  poll submission  0  0.0006934812760055479  0  0.0007936507936507937  0  0.00072992700729927  1  0.0030303030303030303
284  practical approach  1  0.0020804438280166435  0  0.0007936507936507937  0  0.00072992700729927  0  0.00101010101010101
285  practice  1  0.0020804438280166435  0  0.0007936507936507937  0  0.00072992700729927  0  0.00101010101010101
286  predictive models  1  0.0020804438280166435  0  0.0007936507936507937  0  0.00072992700729927  0  0.00101010101010101
287  privacy  0  0.0006934812760055479  0  0.0007936507936507937  1  0.0021897810218978104  0  0.00101010101010101
288  procedural content  1  0.0020804438280166435  0  0.0007936507936507937  0  0.00072992700729927  0  0.00101010101010101
289  process  0  0.0006934812760055479  1  0.002380952380952381  0  0.00072992700729927  0  0.00101010101010101
290  producer aardman  1  0.0020804438280166435  0  0.0007936507936507937  0  0.00072992700729927  0  0.00101010101010101
291  product life  1  0.0020804438280166435  0  0.0007936507936507937  0  0.00072992700729927  0  0.00101010101010101
292  program  0  0.0006934812760055479  1  0.002380952380952381  0  0.00072992700729927  0  0.00101010101010101
293  programming assignments  0  0.0006934812760055479  1  0.002380952380952381  0  0.00072992700729927  0  0.00101010101010101
294  project  0  0.0006934812760055479  1  0.002380952380952381  0  0.00072992700729927  0  0.00101010101010101
295  promotion  0  0.0006934812760055479  1  0.002380952380952381  0  0.00072992700729927  0  0.00101010101010101
296  protonmail desktop  0  0.0006934812760055479  0  0.0007936507936507937  1  0.0021897810218978104  0  0.00101010101010101
297  provider  0  0.0006934812760055479  1  0.002380952380952381  0  0.00072992700729927  0  0.00101010101010101
298  provoking  1  0.0020804438280166435  0  0.0007936507936507937  0  0.00072992700729927  0  0.00101010101010101
299  psychology podcast  1  0.0020804438280166435  0  0.0007936507936507937  0  0.00072992700729927  0  0.00101010101010101
300  public  0  0.0006934812760055479  0  0.0007936507936507937  1  0.0021897810218978104  0  0.00101010101010101
301  publish  0  0.0006934812760055479  0  0.0007936507936507937  2  0.0036496350364963502  0  0.00101010101010101
302  python  1  0.0020804438280166435  0  0.0007936507936507937  0  0.00072992700729927  0  0.00101010101010101
303  quotes  1  0.0020804438280166435  0  0.0007936507936507937  0  0.00072992700729927  0  0.00101010101010101
304  raise  0  0.0006934812760055479  1  0.002380952380952381  0  0.00072992700729927  0  0.00101010101010101
305  read  1  0.0020804438280166435  1  0.002380952380952381  0  0.00072992700729927  0  0.00101010101010101
306  recommend  0  0.0006934812760055479  0  0.0007936507936507937  0  0.00072992700729927  1  0.0030303030303030303
307  recover  1  0.0020804438280166435  0  0.0007936507936507937  0  0.00072992700729927  0  0.00101010101010101
308  refer  0  0.0006934812760055479  1  0.002380952380952381  0  0.00072992700729927  0  0.00101010101010101
309  reference  1  0.0020804438280166435  0  0.0007936507936507937  0  0.00072992700729927  0  0.00101010101010101
310  resume  0  0.0006934812760055479  1  0.002380952380952381  0  0.00072992700729927  0  0.00101010101010101
311  review  1  0.0020804438280166435  0  0.0007936507936507937  0  0.00072992700729927  0  0.00101010101010101
312  right  1  0.0020804438280166435  0  0.0007936507936507937  0  0.00072992700729927  0  0.00101010101010101
313  risk people  0  0.0006934812760055479  1  0.002380952380952381  0  0.00072992700729927  0  0.00101010101010101
314  running shoes  1  0.0020804438280166435  0  0.0007936507936507937  0  0.00072992700729927  0  0.00101010101010101
315  s dispute  1  0.0020804438280166435  0  0.0007936507936507937  0  0.00072992700729927  0  0.00101010101010101
316  save  0  0.0006934812760055479  1  0.002380952380952381  0  0.00072992700729927  0  0.00101010101010101
317  school application  0  0.0006934812760055479  1  0.002380952380952381  0  0.00072992700729927  0  0.00101010101010101
318  science  1  0.0020804438280166435  0  0.0007936507936507937  0  0.00072992700729927  0  0.00101010101010101
319  science method  1  0.0020804438280166435  0  0.0007936507936507937  0  0.00072992700729927  0  0.00101010101010101
320  search  0  0.0006934812760055479  1  0.002380952380952381  0  0.00072992700729927  0  0.00101010101010101
321  security people  0  0.0006934812760055479  1  0.002380952380952381  0  0.00072992700729927  0  0.00101010101010101
322  security risk  0  0.0006934812760055479  1  0.002380952380952381  0  0.00072992700729927  0  0.00101010101010101
323  see  0  0.0006934812760055479  0  0.0007936507936507937  2  0.0036496350364963502  0  0.00101010101010101
324  seem  1  0.0020804438280166435  0  0.0007936507936507937  0  0.00072992700729927  0  0.00101010101010101
325  sends aws  1  0.0020804438280166435  0  0.0007936507936507937  0  0.00072992700729927  0  0.00101010101010101
326  set  0  0.0006934812760055479  0  0.0007936507936507937  0  0.00072992700729927  1  0.0030303030303030303
327  ship  1  0.0020804438280166435  0  0.0007936507936507937  0  0.00072992700729927  0  0.00101010101010101
328  show hn  0  0.0006934812760055479  0  0.0007936507936507937  18  0.027007299270072994  0  0.00101010101010101
329  show_hn  0  0.0006934812760055479  0  0.0007936507936507937  4  0.006569343065693431  0  0.00101010101010101
330  show_hn awesome  0  0.0006934812760055479  0  0.0007936507936507937  2  0.0036496350364963502  0  0.00101010101010101
331  show_hn bored  0  0.0006934812760055479  0  0.0007936507936507937  1  0.0021897810218978104  0  0.00101010101010101
332  show_hn dataturks  0  0.0006934812760055479  0  0.0007936507936507937  1  0.0021897810218978104  0  0.00101010101010101
333  show_hn dpage  0  0.0006934812760055479  0  0.0007936507936507937  1  0.0021897810218978104  0  0.00101010101010101
334  show_hn medium  0  0.0006934812760055479  0  0.0007936507936507937  1  0.0021897810218978104  0  0.00101010101010101
335  show_hn personalized  0  0.0006934812760055479  0  0.0007936507936507937  1  0.0021897810218978104  0  0.00101010101010101
336  show_hn unofficial  0  0.0006934812760055479  0  0.0007936507936507937  1  0.0021897810218978104  0  0.00101010101010101
337  shy  1  0.0020804438280166435  0  0.0007936507936507937  0  0.00072992700729927  0  0.00101010101010101
338  side project  0  0.0006934812760055479  0  0.0007936507936507937  1  0.0021897810218978104  0  0.00101010101010101
339  signal simple  0  0.0006934812760055479  0  0.0007936507936507937  1  0.0021897810218978104  0  0.00101010101010101
340  silicon  1  0.0020804438280166435  0  0.0007936507936507937  0  0.00072992700729927  0  0.00101010101010101
341  simple beautiful  0  0.0006934812760055479  0  0.0007936507936507937  1  0.0021897810218978104  0  0.00101010101010101
342  site  0  0.0006934812760055479  1  0.002380952380952381  0  0.00072992700729927  0  0.00101010101010101
343  slack  0  0.0006934812760055479  0  0.0007936507936507937  2  0.0036496350364963502  0  0.00101010101010101
344  smartphone  0  0.0006934812760055479  0  0.0007936507936507937  0  0.00072992700729927  1  0.0030303030303030303
345  social  1  0.0020804438280166435  0  0.0007936507936507937  0  0.00072992700729927  0  0.00101010101010101
346  solve  0  0.0006934812760055479  0  0.0007936507936507937  3  0.0051094890510948905  0  0.00101010101010101
347  sound  0  0.0006934812760055479  0  0.0007936507936507937  1  0.0021897810218978104  0  0.00101010101010101
348  source analytics  0  0.0006934812760055479  0  0.0007936507936507937  1  0.0021897810218978104  0  0.00101010101010101
349  source code  1  0.0020804438280166435  0  0.0007936507936507937  0  0.00072992700729927  0  0.00101010101010101
350  spark cluster  0  0.0006934812760055479  1  0.002380952380952381  0  0.00072992700729927  0  0.00101010101010101
351  splitting  1  0.0020804438280166435  0  0.0007936507936507937  0  0.00072992700729927  0  0.00101010101010101
352  spotlight episode  1  0.0020804438280166435  0  0.0007936507936507937  0  0.00072992700729927  0  0.00101010101010101
353  ssd board  1  0.0020804438280166435  0  0.0007936507936507937  0  0.00072992700729927  0  0.00101010101010101
354  stakeholder  1  0.0020804438280166435  0  0.0007936507936507937  0  0.00072992700729927  0  0.00101010101010101
355  startup school  0  0.0006934812760055479  1  0.002380952380952381  0  0.00072992700729927  0  0.00101010101010101
356  startups  0  0.0006934812760055479  0  0.0007936507936507937  0  0.00072992700729927  1  0.0030303030303030303
357  states plot  1  0.0020804438280166435  0  0.0007936507936507937  0  0.00072992700729927  0  0.00101010101010101
358  stats courses  0  0.0006934812760055479  1  0.002380952380952381  0  0.00072992700729927  0  0.00101010101010101
359  stick  1  0.0020804438280166435  0  0.0007936507936507937  0  0.00072992700729927  0  0.00101010101010101
360  strava activity  0  0.0006934812760055479  0  0.0007936507936507937  2  0.0036496350364963502  0  0.00101010101010101
361  studio  0  0.0006934812760055479  0  0.0007936507936507937  1  0.0021897810218978104  0  0.00101010101010101
362  successful  0  0.0006934812760055479  0  0.0007936507936507937  1  0.0021897810218978104  0  0.00101010101010101
363  suggested  0  0.0006934812760055479  1  0.002380952380952381  0  0.00072992700729927  0  0.00101010101010101
364  support  0  0.0006934812760055479  0  0.0007936507936507937  2  0.0036496350364963502  1  0.0030303030303030303
365  support poll  0  0.0006934812760055479  0  0.0007936507936507937  0  0.00072992700729927  1  0.0030303030303030303
366  switch fabric  1  0.0020804438280166435  0  0.0007936507936507937  0  0.00072992700729927  0  0.00101010101010101
367  tag  0  0.0006934812760055479  0  0.0007936507936507937  2  0.0036496350364963502  0  0.00101010101010101
368  take  0  0.0006934812760055479  1  0.002380952380952381  0  0.00072992700729927  0  0.00101010101010101
369  tax law  1  0.0020804438280166435  0  0.0007936507936507937  0  0.00072992700729927  0  0.00101010101010101
370  tax states  1  0.0020804438280166435  0  0.0007936507936507937  0  0.00072992700729927  0  0.00101010101010101
371  tech conference  1  0.0020804438280166435  0  0.0007936507936507937  0  0.00072992700729927  0  0.00101010101010101
372  test strategy  0  0.0006934812760055479  0  0.0007936507936507937  1  0.0021897810218978104  0  0.00101010101010101
373  the  9  0.013176144244105409  1  0.002380952380952381  4  0.006569343065693431  0  0.00101010101010101
374  them  0  0.0006934812760055479  1  0.002380952380952381  3  0.0051094890510948905  0  0.00101010101010101
375  they  0  0.0006934812760055479  0  0.0007936507936507937  0  0.00072992700729927  1  0.0030303030303030303
376  thing  0  0.0006934812760055479  1  0.002380952380952381  0  0.00072992700729927  0  0.00101010101010101
377  ticks  1  0.0020804438280166435  0  0.0007936507936507937  0  0.00072992700729927  0  0.00101010101010101
378  tier overages  1  0.0020804438280166435  0  0.0007936507936507937  0  0.00072992700729927  0  0.00101010101010101
379  time founder  0  0.0006934812760055479  0  0.0007936507936507937  0  0.00072992700729927  1  0.0030303030303030303
380  tool  0  0.0006934812760055479  0  0.0007936507936507937  2  0.0036496350364963502  0  0.00101010101010101
381  top  0  0.0006934812760055479  0  0.0007936507936507937  0  0.00072992700729927  1  0.0030303030303030303
382  top machine  1  0.0020804438280166435  0  0.0007936507936507937  0  0.00072992700729927  0  0.00101010101010101
383  touch  0  0.0006934812760055479  0  0.0007936507936507937  2  0.0036496350364963502  0  0.00101010101010101
384  tour  1  0.0020804438280166435  0  0.0007936507936507937  0  0.00072992700729927  0  0.00101010101010101
385  trading platform  0  0.0006934812760055479  0  0.0007936507936507937  1  0.0021897810218978104  0  0.00101010101010101
386  turn  1  0.0020804438280166435  0  0.0007936507936507937  0  0.00072992700729927  0  0.00101010101010101
387  two  1  0.0020804438280166435  0  0.0007936507936507937  0  0.00072992700729927  0  0.00101010101010101
388  type  0  0.0006934812760055479  1  0.002380952380952381  1  0.0021897810218978104  0  0.00101010101010101
389  uc browser  1  0.0020804438280166435  0  0.0007936507936507937  0  0.00072992700729927  0  0.00101010101010101
390  unofficial protonmail  0  0.0006934812760055479  0  0.0007936507936507937  1  0.0021897810218978104  0  0.00101010101010101
391  urgent need  0  0.0006934812760055479  1  0.002380952380952381  0  0.00072992700729927  0  0.00101010101010101
392  use  1  0.0020804438280166435  2  0.003968253968253968  1  0.0021897810218978104  3  0.007070707070707071
393  users  1  0.0020804438280166435  0  0.0007936507936507937  0  0.00072992700729927  0  0.00101010101010101
394  using  1  0.0020804438280166435  0  0.0007936507936507937  0  0.00072992700729927  0  0.00101010101010101
395  v cryptocurrencies  0  0.0006934812760055479  0  0.0007936507936507937  0  0.00072992700729927  1  0.0030303030303030303
396  verified contract  0  0.0006934812760055479  0  0.0007936507936507937  1  0.0021897810218978104  0  0.00101010101010101
397  version  0  0.0006934812760055479  0  0.0007936507936507937  1  0.0021897810218978104  0  0.00101010101010101
398  virtual  0  0.0006934812760055479  0  0.0007936507936507937  1  0.0021897810218978104  0  0.00101010101010101
399  visualize  0  0.0006934812760055479  1  0.002380952380952381  0  0.00072992700729927  0  0.00101010101010101
400  volumes  1  0.0020804438280166435  0  0.0007936507936507937  0  0.00072992700729927  0  0.00101010101010101
401  wallace  1  0.0020804438280166435  0  0.0007936507936507937  0  0.00072992700729927  0  0.00101010101010101
402  want  0  0.0006934812760055479  1  0.002380952380952381  0  0.00072992700729927  0  0.00101010101010101
403  web page  0  0.0006934812760055479  0  0.0007936507936507937  2  0.0036496350364963502  0  0.00101010101010101
404  webpage  0  0.0006934812760055479  0  0.0007936507936507937  2  0.0036496350364963502  0  0.00101010101010101
405  website  0  0.0006934812760055479  0  0.0007936507936507937  2  0.0036496350364963502  0  0.00101010101010101
406  wedew  1  0.0020804438280166435  0  0.0007936507936507937  0  0.00072992700729927  0  0.00101010101010101
407  whats  0  0.0006934812760055479  1  0.002380952380952381  0  0.00072992700729927  0  0.00101010101010101
408  which tool  0  0.0006934812760055479  1  0.002380952380952381  0  0.00072992700729927  0  0.00101010101010101
409  why  1  0.0020804438280166435  0  0.0007936507936507937  0  0.00072992700729927  0  0.00101010101010101
410  word format  0  0.0006934812760055479  1  0.002380952380952381  0  0.00072992700729927  0  0.00101010101010101
411  work  3  0.0048543689320388345  0  0.0007936507936507937  0  0.00072992700729927  0  0.00101010101010101
412  work allows  0  0.0006934812760055479  1  0.002380952380952381  0  0.00072992700729927  0  0.00101010101010101
413  would  0  0.0006934812760055479  1  0.002380952380952381  0  0.00072992700729927  1  0.0030303030303030303
414  write  0  0.0006934812760055479  1  0.002380952380952381  0  0.00072992700729927  0  0.00101010101010101
415  wrong  0  0.0006934812760055479  1  0.002380952380952381  0  0.00072992700729927  0  0.00101010101010101
416  year  2  0.0034674063800277394  1  0.002380952380952381  0  0.00072992700729927  1  0.0030303030303030303
417  year resolution  0  0.0006934812760055479  1  0.002380952380952381  0  0.00072992700729927  0  0.00101010101010101
418  yet  0  0.0006934812760055479  1  0.002380952380952381  0  0.00072992700729927  0  0.00101010101010101
419  your  0  0.0006934812760055479  7  0.011904761904761904  6  0.00948905109489051  2  0.005050505050505051
