1  a tool  0  0.0009009009009009009  0  0.0010775862068965517  2  0.004816955684007707  0  0.001519756838905775
2  about  1  0.002702702702702703  0  0.0010775862068965517  0  0.0009633911368015414  0  0.001519756838905775
3  achieve  0  0.0009009009009009009  1  0.003232758620689655  0  0.0009633911368015414  1  0.004559270516717325
4  achilles  1  0.002702702702702703  0  0.0010775862068965517  0  0.0009633911368015414  0  0.001519756838905775
5  admit  1  0.002702702702702703  0  0.0010775862068965517  0  0.0009633911368015414  0  0.001519756838905775
6  advice  1  0.002702702702702703  0  0.0010775862068965517  0  0.0009633911368015414  0  0.001519756838905775
7  after  0  0.0009009009009009009  1  0.003232758620689655  0  0.0009633911368015414  0  0.001519756838905775
8  agile  0  0.0009009009009009009  1  0.003232758620689655  0  0.0009633911368015414  0  0.001519756838905775
9  air  1  0.002702702702702703  0  0.0010775862068965517  0  0.0009633911368015414  0  0.001519756838905775
10  alibaba  1  0.002702702702702703  0  0.0010775862068965517  0  0.0009633911368015414  0  0.001519756838905775
11  amid u  1  0.002702702702702703  0  0.0010775862068965517  0  0.0009633911368015414  0  0.001519756838905775
12  analyze  1  0.002702702702702703  0  0.0010775862068965517  0  0.0009633911368015414  0  0.001519756838905775
13  and  9  0.017117117117117116  5  0.011853448275862068  7  0.014450867052023121  0  0.001519756838905775
14  annotate  0  0.0009009009009009009  0  0.0010775862068965517  2  0.004816955684007707  0  0.001519756838905775
15  app  0  0.0009009009009009009  1  0.003232758620689655  0  0.0009633911368015414  0  0.001519756838905775
16  approve  0  0.0009009009009009009  1  0.003232758620689655  0  0.0009633911368015414  0  0.001519756838905775
17  archive  0  0.0009009009009009009  1  0.003232758620689655  0  0.0009633911368015414  0  0.001519756838905775
18  are  1  0.002702702702702703  0  0.0010775862068965517  0  0.0009633911368015414  0  0.001519756838905775
19  arxiv  1  0.002702702702702703  0  0.0010775862068965517  0  0.0009633911368015414  0  0.001519756838905775
20  arxivml  1  0.002702702702702703  0  0.0010775862068965517  0  0.0009633911368015414  0  0.001519756838905775
21  asian  1  0.002702702702702703  0  0.0010775862068965517  0  0.0009633911368015414  0  0.001519756838905775
22  ask hn  0  0.0009009009009009009  8  0.018318965517241378  0  0.0009633911368015414  0  0.001519756838905775
23  ask_hn  0  0.0009009009009009009  7  0.016163793103448277  0  0.0009633911368015414  0  0.001519756838905775
24  attend  1  0.002702702702702703  0  0.0010775862068965517  0  0.0009633911368015414  0  0.001519756838905775
25  audio  0  0.0009009009009009009  0  0.0010775862068965517  1  0.002890173410404624  0  0.001519756838905775
26  average  1  0.002702702702702703  0  0.0010775862068965517  0  0.0009633911368015414  0  0.001519756838905775
27  back  1  0.002702702702702703  0  0.0010775862068965517  0  0.0009633911368015414  0  0.001519756838905775
28  band  1  0.002702702702702703  0  0.0010775862068965517  0  0.0009633911368015414  0  0.001519756838905775
29  base  1  0.002702702702702703  0  0.0010775862068965517  0  0.0009633911368015414  0  0.001519756838905775
30  best  1  0.002702702702702703  0  0.0010775862068965517  2  0.004816955684007707  0  0.001519756838905775
31  black  0  0.0009009009009009009  1  0.003232758620689655  0  0.0009633911368015414  0  0.001519756838905775
32  block  1  0.002702702702702703  0  0.0010775862068965517  0  0.0009633911368015414  0  0.001519756838905775
33  book  1  0.002702702702702703  1  0.003232758620689655  0  0.0009633911368015414  1  0.004559270516717325
34  build  0  0.0009009009009009009  1  0.003232758620689655  0  0.0009633911368015414  0  0.001519756838905775
35  building  1  0.002702702702702703  0  0.0010775862068965517  0  0.0009633911368015414  0  0.001519756838905775
36  busy  1  0.002702702702702703  0  0.0010775862068965517  0  0.0009633911368015414  0  0.001519756838905775
37  buy  1  0.002702702702702703  0  0.0010775862068965517  0  0.0009633911368015414  0  0.001519756838905775
38  can  0  0.0009009009009009009  2  0.005387931034482759  0  0.0009633911368015414  0  0.001519756838905775
39  caption  1  0.002702702702702703  0  0.0010775862068965517  0  0.0009633911368015414  0  0.001519756838905775
40  chart  0  0.0009009009009009009  0  0.0010775862068965517  1  0.002890173410404624  0  0.001519756838905775
41  chatroom  0  0.0009009009009009009  0  0.0010775862068965517  1  0.002890173410404624  0  0.001519756838905775
42  cheap  1  0.002702702702702703  0  0.0010775862068965517  0  0.0009633911368015414  0  0.001519756838905775
43  chewing  1  0.002702702702702703  0  0.0010775862068965517  0  0.0009633911368015414  0  0.001519756838905775
44  china  1  0.002702702702702703  0  0.0010775862068965517  0  0.0009633911368015414  0  0.001519756838905775
45  choose  1  0.002702702702702703  0  0.0010775862068965517  0  0.0009633911368015414  0  0.001519756838905775
46  cloud  1  0.002702702702702703  0  0.0010775862068965517  0  0.0009633911368015414  0  0.001519756838905775
47  command  0  0.0009009009009009009  0  0.0010775862068965517  1  0.002890173410404624  0  0.001519756838905775
48  common  0  0.0009009009009009009  0  0.0010775862068965517  1  0.002890173410404624  0  0.001519756838905775
49  company  0  0.0009009009009009009  1  0.003232758620689655  0  0.0009633911368015414  0  0.001519756838905775
50  compete  0  0.0009009009009009009  0  0.0010775862068965517  1  0.002890173410404624  0  0.001519756838905775
51  config  1  0.002702702702702703  0  0.0010775862068965517  0  0.0009633911368015414  0  0.001519756838905775
52  corp  0  0.0009009009009009009  2  0.005387931034482759  0  0.0009633911368015414  0  0.001519756838905775
53  course  0  0.0009009009009009009  0  0.0010775862068965517  0  0.0009633911368015414  1  0.004559270516717325
54  create  1  0.002702702702702703  0  0.0010775862068965517  2  0.004816955684007707  0  0.001519756838905775
55  current  0  0.0009009009009009009  0  0.0010775862068965517  0  0.0009633911368015414  1  0.004559270516717325
56  date  1  0.002702702702702703  0  0.0010775862068965517  0  0.0009633911368015414  0  0.001519756838905775
57  death  1  0.002702702702702703  0  0.0010775862068965517  0  0.0009633911368015414  0  0.001519756838905775
58  decision  1  0.002702702702702703  1  0.003232758620689655  0  0.0009633911368015414  0  0.001519756838905775
59  deep  0  0.0009009009009009009  0  0.0010775862068965517  2  0.004816955684007707  1  0.004559270516717325
60  develop  0  0.0009009009009009009  1  0.003232758620689655  0  0.0009633911368015414  0  0.001519756838905775
61  did  0  0.0009009009009009009  1  0.003232758620689655  0  0.0009633911368015414  0  0.001519756838905775
62  disease  1  0.002702702702702703  0  0.0010775862068965517  0  0.0009633911368015414  0  0.001519756838905775
63  dominate  1  0.002702702702702703  0  0.0010775862068965517  0  0.0009633911368015414  0  0.001519756838905775
64  dont  1  0.002702702702702703  0  0.0010775862068965517  0  0.0009633911368015414  0  0.001519756838905775
65  download  0  0.0009009009009009009  1  0.003232758620689655  0  0.0009633911368015414  0  0.001519756838905775
66  early  1  0.002702702702702703  0  0.0010775862068965517  0  0.0009633911368015414  0  0.001519756838905775
67  earn  0  0.0009009009009009009  0  0.0010775862068965517  2  0.004816955684007707  0  0.001519756838905775
68  easy  1  0.002702702702702703  0  0.0010775862068965517  0  0.0009633911368015414  0  0.001519756838905775
69  email  0  0.0009009009009009009  1  0.003232758620689655  0  0.0009633911368015414  0  0.001519756838905775
70  emmc  1  0.002702702702702703  0  0.0010775862068965517  0  0.0009633911368015414  0  0.001519756838905775
71  entire  0  0.0009009009009009009  0  0.0010775862068965517  2  0.004816955684007707  0  0.001519756838905775
72  european  1  0.002702702702702703  0  0.0010775862068965517  0  0.0009633911368015414  0  0.001519756838905775
73  excuse  0  0.0009009009009009009  1  0.003232758620689655  0  0.0009633911368015414  0  0.001519756838905775
74  facebook  0  0.0009009009009009009  1  0.003232758620689655  0  0.0009633911368015414  0  0.001519756838905775
75  fake  1  0.002702702702702703  0  0.0010775862068965517  0  0.0009633911368015414  0  0.001519756838905775
76  family  0  0.0009009009009009009  0  0.0010775862068965517  2  0.004816955684007707  0  0.001519756838905775
77  fanbase  1  0.002702702702702703  0  0.0010775862068965517  0  0.0009633911368015414  0  0.001519756838905775
78  feature  0  0.0009009009009009009  1  0.003232758620689655  0  0.0009633911368015414  0  0.001519756838905775
79  first  0  0.0009009009009009009  0  0.0010775862068965517  0  0.0009633911368015414  1  0.004559270516717325
80  fix all  0  0.0009009009009009009  0  0.0010775862068965517  1  0.002890173410404624  0  0.001519756838905775
81  flying  1  0.002702702702702703  0  0.0010775862068965517  0  0.0009633911368015414  0  0.001519756838905775
82  folk  1  0.002702702702702703  0  0.0010775862068965517  0  0.0009633911368015414  0  0.001519756838905775
83  for  6  0.011711711711711712  4  0.009698275862068966  7  0.014450867052023121  2  0.007598784194528876
84  from  2  0.0045045045045045045  1  0.003232758620689655  2  0.004816955684007707  0  0.001519756838905775
85  front  1  0.002702702702702703  0  0.0010775862068965517  0  0.0009633911368015414  0  0.001519756838905775
86  fully  1  0.002702702702702703  0  0.0010775862068965517  0  0.0009633911368015414  0  0.001519756838905775
87  fun way  0  0.0009009009009009009  0  0.0010775862068965517  1  0.002890173410404624  0  0.001519756838905775
88  game  1  0.002702702702702703  0  0.0010775862068965517  0  0.0009633911368015414  0  0.001519756838905775
89  games  1  0.002702702702702703  0  0.0010775862068965517  0  0.0009633911368015414  0  0.001519756838905775
90  get  2  0.0045045045045045045  1  0.003232758620689655  0  0.0009633911368015414  0  0.001519756838905775
91  gives  1  0.002702702702702703  0  0.0010775862068965517  0  0.0009633911368015414  0  0.001519756838905775
92  great  0  0.0009009009009009009  1  0.003232758620689655  0  0.0009633911368015414  0  0.001519756838905775
93  hack  0  0.0009009009009009009  1  0.003232758620689655  0  0.0009633911368015414  0  0.001519756838905775
94  hacker  0  0.0009009009009009009  0  0.0010775862068965517  1  0.002890173410404624  0  0.001519756838905775
95  have  0  0.0009009009009009009  1  0.003232758620689655  1  0.002890173410404624  0  0.001519756838905775
96  help  1  0.002702702702702703  0  0.0010775862068965517  0  0.0009633911368015414  0  0.001519756838905775
97  high tax  1  0.002702702702702703  0  0.0010775862068965517  0  0.0009633911368015414  0  0.001519756838905775
98  hire  0  0.0009009009009009009  1  0.003232758620689655  0  0.0009633911368015414  0  0.001519756838905775
99  hn a  0  0.0009009009009009009  0  0.0010775862068965517  4  0.008670520231213872  0  0.001519756838905775
100  hn blind  0  0.0009009009009009009  0  0.0010775862068965517  2  0.004816955684007707  0  0.001519756838905775
101  hn data  0  0.0009009009009009009  0  0.0010775862068965517  1  0.002890173410404624  0  0.001519756838905775
102  hn dpage  0  0.0009009009009009009  0  0.0010775862068965517  1  0.002890173410404624  0  0.001519756838905775
103  hn fix  0  0.0009009009009009009  0  0.0010775862068965517  1  0.002890173410404624  0  0.001519756838905775
104  hn good  0  0.0009009009009009009  1  0.003232758620689655  0  0.0009633911368015414  0  0.001519756838905775
105  hn how  0  0.0009009009009009009  2  0.005387931034482759  0  0.0009633911368015414  0  0.001519756838905775
106  hn poll  1  0.002702702702702703  0  0.0010775862068965517  0  0.0009633911368015414  0  0.001519756838905775
107  hn whats  0  0.0009009009009009009  2  0.005387931034482759  0  0.0009633911368015414  0  0.001519756838905775
108  hole  0  0.0009009009009009009  1  0.003232758620689655  0  0.0009633911368015414  0  0.001519756838905775
109  how  3  0.006306306306306306  1  0.003232758620689655  0  0.0009633911368015414  0  0.001519756838905775
110  idea  0  0.0009009009009009009  0  0.0010775862068965517  1  0.002890173410404624  0  0.001519756838905775
111  incoming  0  0.0009009009009009009  1  0.003232758620689655  0  0.0009633911368015414  0  0.001519756838905775
112  internet  1  0.002702702702702703  0  0.0010775862068965517  2  0.004816955684007707  0  0.001519756838905775
113  into  2  0.0045045045045045045  1  0.003232758620689655  0  0.0009633911368015414  0  0.001519756838905775
114  intro  0  0.0009009009009009009  1  0.003232758620689655  0  0.0009633911368015414  0  0.001519756838905775
115  involve  0  0.0009009009009009009  1  0.003232758620689655  0  0.0009633911368015414  0  0.001519756838905775
116  job  0  0.0009009009009009009  1  0.003232758620689655  0  0.0009633911368015414  0  0.001519756838905775
117  know  1  0.002702702702702703  0  0.0010775862068965517  0  0.0009633911368015414  2  0.007598784194528876
118  laptop  0  0.0009009009009009009  0  0.0010775862068965517  0  0.0009633911368015414  1  0.004559270516717325
119  late  1  0.002702702702702703  0  0.0010775862068965517  0  0.0009633911368015414  0  0.001519756838905775
120  launch  0  0.0009009009009009009  0  0.0010775862068965517  1  0.002890173410404624  0  0.001519756838905775
121  learn  1  0.002702702702702703  1  0.003232758620689655  1  0.002890173410404624  0  0.001519756838905775
122  line app  0  0.0009009009009009009  0  0.0010775862068965517  1  0.002890173410404624  0  0.001519756838905775
123  linking  0  0.0009009009009009009  0  0.0010775862068965517  2  0.004816955684007707  0  0.001519756838905775
124  locally  0  0.0009009009009009009  0  0.0010775862068965517  2  0.004816955684007707  0  0.001519756838905775
125  long  0  0.0009009009009009009  1  0.003232758620689655  0  0.0009633911368015414  0  0.001519756838905775
126  lot  0  0.0009009009009009009  1  0.003232758620689655  0  0.0009633911368015414  0  0.001519756838905775
127  loved  0  0.0009009009009009009  0  0.0010775862068965517  2  0.004816955684007707  0  0.001519756838905775
128  low  1  0.002702702702702703  0  0.0010775862068965517  0  0.0009633911368015414  0  0.001519756838905775
129  machine  1  0.002702702702702703  0  0.0010775862068965517  0  0.0009633911368015414  0  0.001519756838905775
130  maintain  1  0.002702702702702703  0  0.0010775862068965517  0  0.0009633911368015414  0  0.001519756838905775
131  make  1  0.002702702702702703  1  0.003232758620689655  1  0.002890173410404624  0  0.001519756838905775
132  manage  1  0.002702702702702703  0  0.0010775862068965517  2  0.004816955684007707  0  0.001519756838905775
133  market  1  0.002702702702702703  0  0.0010775862068965517  0  0.0009633911368015414  0  0.001519756838905775
134  meditate  0  0.0009009009009009009  0  0.0010775862068965517  1  0.002890173410404624  0  0.001519756838905775
135  memory  1  0.002702702702702703  0  0.0010775862068965517  0  0.0009633911368015414  0  0.001519756838905775
136  might  1  0.002702702702702703  0  0.0010775862068965517  0  0.0009633911368015414  0  0.001519756838905775
137  modular  1  0.002702702702702703  0  0.0010775862068965517  0  0.0009633911368015414  0  0.001519756838905775
138  money  0  0.0009009009009009009  1  0.003232758620689655  2  0.004816955684007707  0  0.001519756838905775
139  moose  1  0.002702702702702703  0  0.0010775862068965517  0  0.0009633911368015414  0  0.001519756838905775
140  most  1  0.002702702702702703  1  0.003232758620689655  3  0.00674373795761079  0  0.001519756838905775
141  need  1  0.002702702702702703  0  0.0010775862068965517  0  0.0009633911368015414  0  0.001519756838905775
142  neighbor  0  0.0009009009009009009  0  0.0010775862068965517  2  0.004816955684007707  0  0.001519756838905775
143  network  1  0.002702702702702703  0  0.0010775862068965517  0  0.0009633911368015414  0  0.001519756838905775
144  neural  1  0.002702702702702703  0  0.0010775862068965517  0  0.0009633911368015414  0  0.001519756838905775
145  never  1  0.002702702702702703  1  0.003232758620689655  0  0.0009633911368015414  0  0.001519756838905775
146  new  0  0.0009009009009009009  1  0.003232758620689655  1  0.002890173410404624  0  0.001519756838905775
147  new tax  1  0.002702702702702703  0  0.0010775862068965517  0  0.0009633911368015414  0  0.001519756838905775
148  next  1  0.002702702702702703  0  0.0010775862068965517  0  0.0009633911368015414  1  0.004559270516717325
149  nobody  1  0.002702702702702703  0  0.0010775862068965517  0  0.0009633911368015414  0  0.001519756838905775
150  non  1  0.002702702702702703  0  0.0010775862068965517  0  0.0009633911368015414  0  0.001519756838905775
151  not  1  0.002702702702702703  1  0.003232758620689655  0  0.0009633911368015414  0  0.001519756838905775
152  old  0  0.0009009009009009009  0  0.0010775862068965517  0  0.0009633911368015414  1  0.004559270516717325
153  once  1  0.002702702702702703  0  0.0010775862068965517  0  0.0009633911368015414  0  0.001519756838905775
154  open  0  0.0009009009009009009  0  0.0010775862068965517  1  0.002890173410404624  0  0.001519756838905775
155  orient  0  0.0009009009009009009  0  0.0010775862068965517  1  0.002890173410404624  0  0.001519756838905775
156  out  1  0.002702702702702703  0  0.0010775862068965517  0  0.0009633911368015414  0  0.001519756838905775
157  own  1  0.002702702702702703  1  0.003232758620689655  0  0.0009633911368015414  0  0.001519756838905775
158  paper  1  0.002702702702702703  0  0.0010775862068965517  0  0.0009633911368015414  0  0.001519756838905775
159  part  1  0.002702702702702703  1  0.003232758620689655  0  0.0009633911368015414  0  0.001519756838905775
160  pay  0  0.0009009009009009009  0  0.0010775862068965517  0  0.0009633911368015414  1  0.004559270516717325
161  pdf  0  0.0009009009009009009  1  0.003232758620689655  0  0.0009633911368015414  0  0.001519756838905775
162  people  0  0.0009009009009009009  1  0.003232758620689655  1  0.002890173410404624  0  0.001519756838905775
163  photo  1  0.002702702702702703  0  0.0010775862068965517  0  0.0009633911368015414  0  0.001519756838905775
164  photonic  1  0.002702702702702703  0  0.0010775862068965517  0  0.0009633911368015414  0  0.001519756838905775
165  poll  0  0.0009009009009009009  0  0.0010775862068965517  0  0.0009633911368015414  1  0.004559270516717325
166  poll are  0  0.0009009009009009009  0  0.0010775862068965517  0  0.0009633911368015414  2  0.007598784194528876
167  poll did  0  0.0009009009009009009  0  0.0010775862068965517  0  0.0009633911368015414  2  0.007598784194528876
168  poll how  0  0.0009009009009009009  0  0.0010775862068965517  0  0.0009633911368015414  1  0.004559270516717325
169  practice  1  0.002702702702702703  0  0.0010775862068965517  0  0.0009633911368015414  0  0.001519756838905775
170  privacy  0  0.0009009009009009009  0  0.0010775862068965517  1  0.002890173410404624  0  0.001519756838905775
171  process  0  0.0009009009009009009  1  0.003232758620689655  0  0.0009633911368015414  0  0.001519756838905775
172  program  0  0.0009009009009009009  1  0.003232758620689655  0  0.0009633911368015414  0  0.001519756838905775
173  project  0  0.0009009009009009009  1  0.003232758620689655  0  0.0009633911368015414  0  0.001519756838905775
174  provider  0  0.0009009009009009009  1  0.003232758620689655  0  0.0009633911368015414  0  0.001519756838905775
175  public  0  0.0009009009009009009  0  0.0010775862068965517  1  0.002890173410404624  0  0.001519756838905775
176  publish  0  0.0009009009009009009  0  0.0010775862068965517  2  0.004816955684007707  0  0.001519756838905775
177  python  1  0.002702702702702703  0  0.0010775862068965517  0  0.0009633911368015414  0  0.001519756838905775
178  quotes  1  0.002702702702702703  0  0.0010775862068965517  0  0.0009633911368015414  0  0.001519756838905775
179  raise  0  0.0009009009009009009  1  0.003232758620689655  0  0.0009633911368015414  0  0.001519756838905775
180  read  1  0.002702702702702703  1  0.003232758620689655  0  0.0009633911368015414  0  0.001519756838905775
181  recover  1  0.002702702702702703  0  0.0010775862068965517  0  0.0009633911368015414  0  0.001519756838905775
182  refer  0  0.0009009009009009009  1  0.003232758620689655  0  0.0009633911368015414  0  0.001519756838905775
183  resume  0  0.0009009009009009009  1  0.003232758620689655  0  0.0009633911368015414  0  0.001519756838905775
184  review  1  0.002702702702702703  0  0.0010775862068965517  0  0.0009633911368015414  0  0.001519756838905775
185  right  1  0.002702702702702703  0  0.0010775862068965517  0  0.0009633911368015414  0  0.001519756838905775
186  save  0  0.0009009009009009009  1  0.003232758620689655  0  0.0009633911368015414  0  0.001519756838905775
187  science  1  0.002702702702702703  0  0.0010775862068965517  0  0.0009633911368015414  0  0.001519756838905775
188  search  0  0.0009009009009009009  1  0.003232758620689655  0  0.0009633911368015414  0  0.001519756838905775
189  see  0  0.0009009009009009009  0  0.0010775862068965517  2  0.004816955684007707  0  0.001519756838905775
190  seem  1  0.002702702702702703  0  0.0010775862068965517  0  0.0009633911368015414  0  0.001519756838905775
191  set  0  0.0009009009009009009  0  0.0010775862068965517  0  0.0009633911368015414  1  0.004559270516717325
192  ship  1  0.002702702702702703  0  0.0010775862068965517  0  0.0009633911368015414  0  0.001519756838905775
193  should  0  0.0009009009009009009  2  0.005387931034482759  0  0.0009633911368015414  0  0.001519756838905775
194  show hn  0  0.0009009009009009009  0  0.0010775862068965517  18  0.03564547206165703  0  0.001519756838905775
195  show_hn  0  0.0009009009009009009  0  0.0010775862068965517  4  0.008670520231213872  0  0.001519756838905775
196  shy  1  0.002702702702702703  0  0.0010775862068965517  0  0.0009633911368015414  0  0.001519756838905775
197  silicon  1  0.002702702702702703  0  0.0010775862068965517  0  0.0009633911368015414  0  0.001519756838905775
198  site  0  0.0009009009009009009  1  0.003232758620689655  0  0.0009633911368015414  0  0.001519756838905775
199  slack  0  0.0009009009009009009  0  0.0010775862068965517  2  0.004816955684007707  0  0.001519756838905775
200  social  1  0.002702702702702703  0  0.0010775862068965517  0  0.0009633911368015414  0  0.001519756838905775
201  solve  0  0.0009009009009009009  0  0.0010775862068965517  3  0.00674373795761079  0  0.001519756838905775
202  some  1  0.002702702702702703  1  0.003232758620689655  0  0.0009633911368015414  0  0.001519756838905775
203  sound  0  0.0009009009009009009  0  0.0010775862068965517  1  0.002890173410404624  0  0.001519756838905775
204  startups  0  0.0009009009009009009  0  0.0010775862068965517  0  0.0009633911368015414  1  0.004559270516717325
205  stick  1  0.002702702702702703  0  0.0010775862068965517  0  0.0009633911368015414  0  0.001519756838905775
206  studio  0  0.0009009009009009009  0  0.0010775862068965517  1  0.002890173410404624  0  0.001519756838905775
207  support  0  0.0009009009009009009  0  0.0010775862068965517  2  0.004816955684007707  1  0.004559270516717325
208  tag  0  0.0009009009009009009  0  0.0010775862068965517  2  0.004816955684007707  0  0.001519756838905775
209  take  0  0.0009009009009009009  1  0.003232758620689655  0  0.0009633911368015414  0  0.001519756838905775
210  tax law  1  0.002702702702702703  0  0.0010775862068965517  0  0.0009633911368015414  0  0.001519756838905775
211  that  3  0.006306306306306306  2  0.005387931034482759  2  0.004816955684007707  1  0.004559270516717325
212  the  9  0.017117117117117116  1  0.003232758620689655  4  0.008670520231213872  0  0.001519756838905775
213  their  0  0.0009009009009009009  1  0.003232758620689655  0  0.0009633911368015414  0  0.001519756838905775
214  them  0  0.0009009009009009009  1  0.003232758620689655  3  0.00674373795761079  0  0.001519756838905775
215  these  0  0.0009009009009009009  0  0.0010775862068965517  0  0.0009633911368015414  1  0.004559270516717325
216  they  0  0.0009009009009009009  0  0.0010775862068965517  0  0.0009633911368015414  1  0.004559270516717325
217  thing  0  0.0009009009009009009  1  0.003232758620689655  0  0.0009633911368015414  0  0.001519756838905775
218  this  0  0.0009009009009009009  0  0.0010775862068965517  0  0.0009633911368015414  1  0.004559270516717325
219  ticks  1  0.002702702702702703  0  0.0010775862068965517  0  0.0009633911368015414  0  0.001519756838905775
220  tool  0  0.0009009009009009009  0  0.0010775862068965517  2  0.004816955684007707  0  0.001519756838905775
221  top  0  0.0009009009009009009  0  0.0010775862068965517  0  0.0009633911368015414  1  0.004559270516717325
222  touch  0  0.0009009009009009009  0  0.0010775862068965517  2  0.004816955684007707  0  0.001519756838905775
223  tour  1  0.002702702702702703  0  0.0010775862068965517  0  0.0009633911368015414  0  0.001519756838905775
224  turn  1  0.002702702702702703  0  0.0010775862068965517  0  0.0009633911368015414  0  0.001519756838905775
225  two  1  0.002702702702702703  0  0.0010775862068965517  0  0.0009633911368015414  0  0.001519756838905775
226  type  0  0.0009009009009009009  1  0.003232758620689655  1  0.002890173410404624  0  0.001519756838905775
227  u s  1  0.002702702702702703  0  0.0010775862068965517  0  0.0009633911368015414  0  0.001519756838905775
228  use  1  0.002702702702702703  2  0.005387931034482759  1  0.002890173410404624  3  0.010638297872340425
229  users  1  0.002702702702702703  0  0.0010775862068965517  0  0.0009633911368015414  0  0.001519756838905775
230  using  1  0.002702702702702703  0  0.0010775862068965517  0  0.0009633911368015414  0  0.001519756838905775
231  version  0  0.0009009009009009009  0  0.0010775862068965517  1  0.002890173410404624  0  0.001519756838905775
232  virtual  0  0.0009009009009009009  0  0.0010775862068965517  1  0.002890173410404624  0  0.001519756838905775
233  volumes  1  0.002702702702702703  0  0.0010775862068965517  0  0.0009633911368015414  0  0.001519756838905775
234  wallace  1  0.002702702702702703  0  0.0010775862068965517  0  0.0009633911368015414  0  0.001519756838905775
235  want  0  0.0009009009009009009  1  0.003232758620689655  0  0.0009633911368015414  0  0.001519756838905775
236  web page  0  0.0009009009009009009  0  0.0010775862068965517  2  0.004816955684007707  0  0.001519756838905775
237  webpage  0  0.0009009009009009009  0  0.0010775862068965517  2  0.004816955684007707  0  0.001519756838905775
238  website  0  0.0009009009009009009  0  0.0010775862068965517  2  0.004816955684007707  0  0.001519756838905775
239  wedew  1  0.002702702702702703  0  0.0010775862068965517  0  0.0009633911368015414  0  0.001519756838905775
240  what  1  0.002702702702702703  5  0.011853448275862068  1  0.002890173410404624  2  0.007598784194528876
241  whats  0  0.0009009009009009009  1  0.003232758620689655  0  0.0009633911368015414  0  0.001519756838905775
242  which  0  0.0009009009009009009  0  0.0010775862068965517  0  0.0009633911368015414  1  0.004559270516717325
243  who  1  0.002702702702702703  0  0.0010775862068965517  0  0.0009633911368015414  0  0.001519756838905775
244  why  1  0.002702702702702703  0  0.0010775862068965517  0  0.0009633911368015414  0  0.001519756838905775
245  with  3  0.006306306306306306  2  0.005387931034482759  4  0.008670520231213872  0  0.001519756838905775
246  work  3  0.006306306306306306  0  0.0010775862068965517  0  0.0009633911368015414  0  0.001519756838905775
247  would  0  0.0009009009009009009  1  0.003232758620689655  0  0.0009633911368015414  1  0.004559270516717325
248  write  0  0.0009009009009009009  1  0.003232758620689655  0  0.0009633911368015414  0  0.001519756838905775
249  wrong  0  0.0009009009009009009  1  0.003232758620689655  0  0.0009633911368015414  0  0.001519756838905775
250  year  2  0.0045045045045045045  1  0.003232758620689655  0  0.0009633911368015414  1  0.004559270516717325
251  yet  0  0.0009009009009009009  1  0.003232758620689655  0  0.0009633911368015414  0  0.001519756838905775
252  you  4  0.008108108108108109  8  0.018318965517241378  0  0.0009633911368015414  5  0.016717325227963525
253  your  0  0.0009009009009009009  7  0.016163793103448277  6  0.012524084778420038  2  0.007598784194528876
